
snap(5,20,-35)

sky(255,255,0)
fog(200,200,200)
ground(140,86,38)
polys(189,86,51)

fadefrom(8000)
density(4)

name(Do The Worm Dance)
nlaps(7)


set(48,0,0,0)p
set(15,0,5600,0)p
set(15,0,11200,0)
set(34,0,11200,0)pr
set(15,0,16800,0)p
set(15,0,22400,0)p
set(15,0,28000,0)
set(15,0,33600,0)p
set(15,0,39200,0)p
set(17,0,43700,0)pt
chk(42,2000,43700,90)
set(35,4500,43400,90)pr
set(15,4500,43700,90)
set(35,4500,44000,90)pr
set(17,9000,43700,-90)pt
chk(42,9000,42350,180)
set(17,9000,41000,180)pt
set(17,6300,41000,0)pt
chk(42,6300,39650,180)
set(17,6300,38300,90)pt
set(17,9000,38300,-90)pt
chk(42,9000,36300,180)
set(15,9000,33800,180)p
set(33,9000,32000,180)pr
set(15,9000,28200,180)p
set(33,9000,28000,180)
set(33,9000,24000,180)pr
set(15,9000,22600,180)
set(33,9000,20000,180)pr
set(15,9000,17000,180)
set(33,9000,16000,180)pr
set(33,9000,12000,180)pr
set(15,9000,11400,180)
set(33,9000,8000,180)pr
set(15,9000,5800,180)
set(33,9000,4000,180)pr
set(17,9000,1300,180)pt
chk(42,7650,1300,-90)
set(17,6300,1300,90)pt
set(33,6300,4000,0)pr
set(15,6300,5800,0)
set(33,6300,8000,0)pr
set(15,6300,11400,0)
set(33,6300,12000,0)pr
set(33,6300,16000,0)pr
set(15,6300,17000,0)
set(33,6300,20000,0)pr
set(15,6300,22600,0)
set(33,6300,24000,0)pr
set(33,6300,28000,0)pr
set(15,6300,28200,0)p
set(17,6300,32700,-90)pt
chk(42,4950,32700,-90)
set(17,3600,32700,0)pt
set(15,3600,28200,180)po
set(33,3600,28000,180)pr
set(33,3600,24000,180)pr
set(15,3600,22600,180)
set(33,3600,20000,180)pr
set(15,3600,17000,180)
set(33,3600,16000,180)pr
set(33,3600,12000,180)pr
set(15,3600,11400,180)
set(33,3600,8000,180)pr
set(15,3600,5800,180)
set(34,3600,3000,180)pr

fix(41,3600,100,-2000,0)s

set(34,3600,-2800,180)
set(15,3600,-5600,180)p
set(33,3600,-8000,180)pr
set(15,3600,-11200,180)
set(33,3600,-12000,180)pr
set(33,3600,-16000,180)pr
set(15,3600,-16800,180)
set(33,3600,-20000,180)pr
set(15,3600,-22400,180)
set(33,3600,-24000,180)pr
set(15,3600,-28000,180)po
set(33,3600,-28000,180)pr
set(17,3600,-32500,90)pt
chk(42,4950,-32500,90)
set(17,6300,-32500,180)pt
set(33,6300,-28000,0)pr
set(15,6300,-28000,0)
set(33,6300,-24000,0)pr
set(15,6300,-22400,0)
set(33,6300,-20000,0)pr
set(15,6300,-16800,0)
set(33,6300,-16000,0)pr
set(33,6300,-12000,0)pr
set(15,6300,-11200,0)
set(33,6300,-8000,0)pr
set(15,6300,-5600,0)
set(33,6300,-4000,0)pr
set(17,6300,-1100,0)pt
chk(42,7650,-1100,90)
set(17,9000,-1100,-90)pt
set(33,9000,-4000,180)pr
set(15,9000,-5600,180)
set(33,9000,-8000,180)pr
set(15,9000,-11200,180)
set(33,9000,-12000,180)pr
set(33,9000,-16000,180)pr
set(15,9000,-16800,180)
set(33,9000,-20000,180)pr
set(15,9000,-22400,180)
set(33,9000,-24000,180)pr
set(15,9000,-28000,180)
set(33,9000,-28000,180)pr
set(33,9000,-32000,180)pr
set(15,9000,-33600,180)
set(17,9000,-38100,180)pt
chk(42,7000,-38100,-90)
set(35,4500,-38400,-90)pr
set(15,4500,-38100,-90)
set(35,4500,-37800,-90)pr
set(17,0,-38100,90)pt
chk(42,0,-36100,180)
set(15,0,-33600,180)p
set(15,0,-28000,180)p
set(15,0,-22400,180)
set(15,0,-16800,180)p
set(15,0,-11200,180)
set(34,0,-11200,0)pr
set(15,0,-5600,180)p



maxl(18,-2500,-40000)
maxb(3,-42400,-100)
maxt(3,44000,-100)
maxr(18,11900,-40000)





