snap(14,-13,16)
sky(191,215,255)
fog(195,207,230)
ground(162,144,112)
polys(162,114,120)
fadefrom(5000)
density(5)
nlaps(2)
name(Mansion Of Spirituality)

set(47,0,0,0)p
set(10,0,5600,0)p
set(49,350,5400,180)
set(49,-350,3525,0)
set(10,0,11200,0)p
set(14,0,15750,0)
chk(40,0,14000,0)r
set(13,4580,17270,120)p
set(10,10210,18790,90)p
set(10,15810,18790,90)p
set(10,21410,18790,-90)
set(10,27010,18790,-90)
set(10,32610,18790,90)
set(10,38210,18790,90)
set(10,43810,18790,-90)p
set(10,49410,18790,-90)p
set(14,53960,18790,180)
chk(40,52210,18790,90)r
set(10,53960,23340,180)
set(10,53960,28940,180)
set(28,53960,26875,180)pr
set(10,53960,34540,180)p
set(14,53960,39090,-90)
chk(40,53960,37340,0)r
set(10,49410,39090,-90)p
set(10,43810,39090,-90)
set(10,38210,39090,-90)
set(29,42250,39090,-90)pr
set(10,32610,39090,-90)p
set(10,27010,39090,-90)p
set(10,21410,39090,-90)p
set(10,15810,39090,-90)p
set(10,10210,39090,-90)p
set(10,-25790,38395,-90)p
set(14,-21240,38395,-90)pt
set(10,-21240,33845,0)p
set(10,-21240,28245,0)p
set(10,-21240,22645,0)p
set(10,-21240,17045,0)p
set(10,-21240,11445,0)
set(10,-21240,5845,0)
set(49,-21590,9530,0)ph
set(10,-21240,245,0)p
set(10,-21240,-5355,0)p
set(13,-19720,-10985,30)
set(23,-18200,-13815,0)
set(26,-18200,-14650,0)pr
set(13,-22760,-16645,210)
set(10,-21240,-22275,180)p
set(10,-21240,-27875,180)p
set(14,-21240,-32425,90)
set(10,-16690,-32425,-90)
set(10,-11090,-32425,-90)
set(32,-14225,-32775,90)pr
set(32,-11750,-32775,90)pr
set(14,-6540,-32425,180)pt
set(20,-6540,-27875,180)p
set(24,-6540,-25075,0)p
set(15,-6540,-14375,0)
set(24,-6540,-11575,0)
set(35,-6540,-11825,180)pr
set(15,-6540,-1525,0)
set(24,-6540,1275,0)
set(35,-6540,975,180)pr
set(10,-6540,11140,0)
set(12,-5020,16770,-30)p
set(14,-3500,21350,0)pt
set(13,1080,22870,-60)p
set(14,5660,24390,180)pt
set(10,5660,28940,0)
set(32,6010,30750,180)pr
set(10,5660,34540,0)
set(32,5310,34725,180)pr
set(14,5660,39090,0)
chk(40,7410,39090,90)r
set(12,21440,17270,-120)
set(10,27070,15750,-90)
set(38,24375,15750,90)
set(38,26550,15750,90)
set(10,32670,15750,-90)
set(38,30841,15750,90)
set(38,28725,15750,90)
set(23,35470,15750,90)
set(10,32670,21830,-90)
set(30,34650,15750,-90)pl
set(10,27070,21830,-90)
set(38,30625,21830,90)
set(38,28625,21830,90)
set(38,26475,21830,90)
set(13,21440,20310,-60)
set(28,25325,18790,90)pr
set(38,24770,21830,90)
set(23,35470,21830,90)
set(28,35850,18790,90)
set(30,34750,21830,-90)pl
set(14,44855,10395,-90)pt
set(10,44855,5845,180)p
set(10,44855,245,180)p
set(10,44855,-5355,180)
set(33,44855,-3775,0)pr
set(10,44855,-10955,180)
set(33,44855,-9750,0)pr
set(10,44855,-16555,180)
set(33,44855,-15100,0)pr
set(10,44855,-22155,180)p
set(38,44855,-19225,0)
set(38,44855,-23650,0)
set(10,44855,-27755,180)
set(38,44855,-27875,0)
set(10,44855,-33355,180)
set(27,44855,-31375,0)pr
set(14,44855,-37905,180)pt
set(13,40275,-39425,120)p
set(12,34615,-39425,60)p
set(13,28955,-39425,120)p
set(12,23295,-39425,60)p
set(10,17665,-37905,90)
set(23,10608,-37905,-90)
set(30,11556,-37905,90)pl
set(10,-20190,-37905,90)
set(10,-25790,-37905,90)p
set(14,-30340,-37905,90)pt
set(10,-30340,-33355,0)p
set(10,-30340,-27755,0)
set(32,-30690,-27259,180)
set(32,-29990,-27259,180)pr
set(10,-30340,-22155,0)p
set(10,-30340,-16555,0)p
set(10,-30340,-10955,0)p
set(10,-30340,-5355,0)p
set(10,-30340,245,0)p
set(10,-30340,5845,0)p
set(10,-30340,11445,0)p
set(49,-29990,11966,180)
set(10,-30340,17045,0)p
set(10,-30340,22645,0)p
set(49,-29990,21174,180)
set(10,-30340,28245,0)p
set(49,-29990,27949,180)
set(10,-30340,33845,0)p
set(14,-30340,38395,0)pt
set(23,-6540,8340,0)
set(26,-6540,7740,180)pr
set(24,-6540,-4325,180)
set(35,-6540,-4000,180)pr
set(24,-6540,-17175,180)
set(35,-6540,-16775,180)pr
set(10,0,-13756,180)p
set(23,0,-10956,180)p
set(23,-24280,-13815,180)
set(26,-24280,-12825,0)pr
set(23,-17390,-37905,90)
set(31,-18024,-39305,-90)
set(31,-18024,-36505,-90)pr
set(31,-18024,-37905,-90)pr
set(13,40275,8875,-60)
set(10,34645,7355,-90)
set(10,29045,7355,-90)
set(28,33300,7355,90)
set(10,23445,7355,-90)
set(10,17845,7355,-90)
set(14,13295,7355,0)
set(10,13295,2805,0)
set(15,13295,-20995,0)
set(17,13295,-16445,0)
set(15,17845,-16445,-90)
set(15,23445,-16445,-90)
set(15,29045,-16445,-90)
set(35,26600,-16850,90)
set(17,33595,-16445,180)
set(15,33595,-11895,0)
set(20,33595,-6295,0)
set(14,33595,-1745,-90)
set(10,29045,-1745,90)
set(10,23445,-1745,90)
set(10,17845,-1745,90)
set(29,18481,-1745,90)
set(14,13295,-1745,90)
fix(41,7000,-7050,-1400,0)
fix(41,7000,-6850,-2200,0)
fix(41,7000,-6850,-1800,0)
fix(41,7000,-6850,-2600,0)
set(15,7000,-4250,180)
set(15,7000,-9850,180)
set(24,7000,-12650,180)
set(34,7000,-10950,180)
set(11,7000,-24248,180)
set(14,7000,-28798,90)
set(14,7000,-28798,180)
set(14,3500,-28798,0)
set(14,3500,-32298,180)
set(14,0,-32298,90)
set(10,0,-27748,180)
set(23,0,-24948,180)
set(10,33655,-27055,0)
set(14,33655,-22505,-90)
set(10,29105,-22505,-90)
set(13,23475,-24025,-60)
set(32,27025,-22155,-90)
set(32,23200,-24605,-90)
set(20,17845,-25545,-90)
set(17,13295,-25545,90)
set(22,33668,-29990,0)
set(14,33668,-32300,180)
set(10,29118,-32300,90)
set(20,23518,-32300,-90)
set(20,17918,-32300,90)
set(12,12288,-30780,60)
set(12,11580,-30318,60)
set(23,0,-2800,0)
set(23,0,-16556,0)
set(23,7000,-21448,180)
set(24,7000,-1450,0)
set(34,7000,-3000,180)
set(24,7000,7800,180)
set(16,7000,10600,180)
set(24,7000,13300,0)
chk(40,5660,26650,0)r
chk(40,-2225,21350,90)r
chk(40,-6540,-30675,0)r
chk(40,-19650,-32425,90)r
chk(40,-21240,36645,0)r
chk(40,-28590,38395,90)r
chk(40,-30340,-36155,0)r
chk(40,20465,-37905,90)r
chk(40,26125,-40945,90)r
chk(40,31785,-37905,90)r
chk(40,37445,-40945,90)r
chk(40,43105,-37905,90)r
chk(40,44855,8645,0)r
chk(40,13295,5250,0)r
chk(40,31845,-1745,90)r
chk(42,33668,-13625,0)r
chk(42,16075,-16445,90)r
chk(42,13295,-22725,0)r
chk(40,33668,-24255,0)r
chk(40,31918,-32298,90)r
chk(40,15118,-32300,90)r
chk(40,7000,-27048,0)r
chk(42,7000,13300,0)r
chk(40,7000,-27048,0)r
chk(40,1750,-32300,90)r
chk(40,0,-13800,0)r
set(49,-350,5400,180)
set(49,350,3525,0)
set(49,-20890,19453,0)
set(49,-30690,27949,180)
set(49,-30690,21174,180)
set(49,-30690,11966,180)

maxl(18,-33790,-41351)
maxb(19,-43751,-31390)
maxr(18,57410,-41351)
maxt(19,42648,-31390)
