
name(Thunder's Revenge)

snap(-155,-155,0)
sky(0,0,0)
fog(7,7,7)
ground(251,253,134)
polys(271,380,185)
fadefrom(8000)
density(11)
nlaps(2)
lightson()


set(47,0,0,0)
set(10,0,5600,0)
set(32,-350,4925,0)
set(32,0,3150,0)pr
set(32,350,4925,0)pr
set(10,0,11200,0)
set(10,0,16800,0)
set(31,0,13100,0)pr
set(10,0,22400,0)p
set(10,0,28000,0)
set(23,0,30800,180)
set(23,2050,27041,0)p
set(31,2050,30350,0)
set(23,2050,32030,180)p
set(31,0,30375,0)pr
set(23,-2330,32155,180)p
set(31,-2330,30475,0)pr
set(23,-2330,27166,0)p
set(23,0,54600,0)p
set(10,0,57400,0)p
set(10,0,63000,0)p
set(14,0,67550,-90)
chk(40,0,65800,0)
set(10,-4550,67550,-90)
set(36,-4220,69360,0)
set(10,-10150,67550,-90)
set(36,-9885,69360,0)
set(36,-6180,69360,0)ph
set(36,-7925,69360,0)
set(10,-15750,67550,-90)p
set(36,-13805,69360,0)
set(36,-11845,69360,0)
set(10,-21350,67550,-90)p
set(14,-25900,67550,90)
chk(40,-25900,69300,0)
set(14,-25900,71050,0)pt
set(10,-21350,71050,90)p
set(13,-15720,72570,120)p
set(20,-10090,74090,90)
chk(40,-12890,74090,90)
set(15,-4490,74090,90)
set(24,-1690,74090,-90)
set(34,-2925,74090,-90)pr
set(24,12075,74090,90)p
set(15,14875,74090,90)p
set(17,19425,74090,-90)
chk(42,17675,74090,90)
set(15,19425,69540,0)p
set(15,19425,63940,0)p
set(17,19425,59390,180)
chk(42,17675,59390,90)
set(15,14875,59390,-90)p
set(15,9275,59390,-90)
set(24,6475,59390,90)
set(35,6700,59390,90)pr
set(24,-7950,59390,-90)p
set(15,-10750,59390,-90)p
set(20,-16350,59390,90)
chk(40,-19150,59390,90)
set(13,-21980,57870,120)
set(37,-19200,60650,90)
chk(40,-24810,56350,90)
set(12,-27640,57870,60)
set(37,-24800,55000,90)
chk(40,-30470,59390,90)
set(13,-33300,57870,120)
set(37,-30450,60650,90)
chk(40,-36130,56350,90)
set(12,-38960,57870,60)p
set(37,-36075,55000,90)
set(10,-44590,59390,90)
set(37,-41725,60650,90)
chk(40,-41790,59390,90)
set(14,-49140,59390,90)pt
set(10,-49140,63940,180)p
set(10,-49140,69540,180)
set(23,-49140,72340,180)
set(23,-49140,86497,0)p
set(14,-49140,88247,-90)
chk(40,-50890,88247,90)
set(14,-52640,88247,0)pt
set(10,-52640,83697,0)p
set(10,-52640,78097,0)p
set(10,-52640,72497,0)
set(10,-52640,66897,0)
set(10,-52640,61297,0)p
set(10,-52640,55697,0)p
set(14,-52640,51147,90)
chk(40,-52640,52897,0)
set(12,-48060,49627,60)p
set(20,-42430,48107,90)
chk(40,-45230,48107,90)
set(15,-36830,48107,90)p
set(15,-31230,48107,90)
set(34,-31675,48107,90)pr
set(15,-25630,48107,90)p
set(15,-20030,48107,90)p
set(20,-14430,48107,-90)
chk(40,-11630,48107,90)
set(12,-8800,46587,-120)p
set(20,-3170,45067,90)p
set(15,2430,45067,90)p
set(15,8030,45067,90)p
set(15,13630,45067,90)
chk(42,15752,45067,90)
set(17,18180,45067,-90)pt
set(15,18180,40517,0)
set(24,18180,37717,180)
set(34,18180,38625,180)pr
set(23,18180,31435,180)p
set(10,18180,28635,180)p
set(10,18180,23035,180)p
set(14,18180,18485,180)
chk(40,18180,20012,0)
set(10,13630,18485,-90)p
set(12,8000,20005,-120)
set(23,5170,21525,-90)
set(26,4250,21525,90)pr
set(10,-11360,21525,90)p
set(13,-16990,20005,120)p
set(10,-22620,18485,90)p
set(10,-28220,18485,90)p
set(14,-32770,18485,90)
chk(40,-30770,18485,90)
set(10,-32770,23035,180)p
set(13,-34290,28665,30)p
set(10,-35810,34295,0)
set(23,-35810,37095,180)
set(10,-35810,76543,0)p
set(12,-34290,82173,-30)p
set(10,-32770,87803,0)p
set(14,-32770,92353,0)
chk(40,-32770,90352,0)
set(10,-28220,92353,90)p
set(10,-22620,92353,-90)p
set(10,-17020,92353,-90)
set(10,-11420,92353,-90)
set(23,-8620,92353,90)
set(23,6750,92353,-90)p
set(10,9550,92353,-90)
chk(40,11702,92353,90)
set(14,14100,92353,-90)pt
set(10,14100,87803,0)p
set(12,12580,82173,-30)p
set(12,9540,76513,-30)
set(10,8020,70883,0)
fix(41,3750,73375,-2000,90)
chk(40,8020,73683,0)
set(23,8020,68083,0)
set(30,8020,69763,180)pl
set(31,8020,68500,180)pr
set(23,-4080,88533,-90)p
set(14,-2330,88533,180)pt
set(22,-2330,90843,0)p
set(22,-2330,91963,0)p
set(22,-2330,93083,0)p
set(37,-2330,91403,0)
set(38,-2330,90903,180)
set(37,-2330,92325,0)
set(14,-2330,95393,-90)pt
set(37,-2330,93950,0)
set(38,-2330,93023,180)
set(22,-4640,95393,-90)p
set(22,-5760,95393,-90)p
set(38,-4050,95393,90)
set(37,-4850,95393,-90)
set(22,-6880,95393,-90)p
set(22,-8000,95393,-90)p
set(37,-6750,95393,-90)
set(38,-5820,95393,90)
set(37,-7625,95393,-90)
set(10,-11360,95393,-90)
set(37,-9625,95393,-90)
set(37,-12600,95393,-90)
set(38,-11575,95393,90)
set(38,-8575,95393,90)
set(37,-10425,95393,-90)
set(10,-16960,95393,-90)
set(37,-15975,95393,-90)
set(38,-14660,95393,90)
set(37,-17175,95393,-90)
set(37,-13475,95393,-90)
set(13,-22590,93873,-60)p
set(38,-18225,95393,90)
set(12,-22590,90833,60)p
set(10,-16960,89313,90)
set(37,-17825,89313,90)
set(38,-18650,89313,-90)
set(37,-19500,89313,90)
set(23,-14160,89313,90)
set(31,-13050,92353,-90)pr
set(38,-13950,89313,-90)
set(38,-16475,89313,-90)
set(37,-15300,89313,90)
set(10,-29730,76543,0)p
set(13,-31250,82173,30)p
set(23,-29730,73743,0)p
set(10,-29730,34295,180)
set(31,-35810,36225,0)pr
set(12,-31250,28665,150)p
set(23,-29730,37095,180)
set(31,-29730,36325,0)pr
set(12,-16990,16965,60)p
set(10,-11360,15445,90)p
set(23,-8560,15445,90)p
set(23,5170,15445,-90)
set(13,8000,16965,120)
set(26,4350,15445,90)pr
set(10,9100,5600,180)p
set(10,9100,0,180)p
set(14,9100,-4550,180)pt
set(10,4550,-4550,90)
chk(40,4362,-4550,90)
set(14,0,-4550,90)pt
set(23,-35810,73743,0)
set(46,-52640,78097,180)
set(45,-52640,82577,180)
set(46,-52640,72497,180)
set(46,-52640,66897,180)
set(31,-49140,72000,0)pr
set(46,-52640,61297,180)
set(45,-52640,56817,0)
set(23,-8560,21525,90)
set(23,9100,8400,180)

maxl(23,-57593,-7378)
maxb(17,-9778,-55193)
maxr(23,24007,-7378)
maxt(17,100621,-55193)
