snap(15,-20,-60)

sky(238,232,223)
fog(217,212,188)
ground(207,202,178)
polys(200,190,168)

fadefrom(4000)
density(1)

nlaps(3)
//soundtrack(grubi_-_jamming.mod,255,81)
name(The Lockdown)

set(48,0,0,0)p
set(15,0,5600,0)
set(33,0,4918,0)pr
set(15,0,11200,0)
set(33,0,8908,0)pr
set(16,0,16800,180)p
set(17,0,21350,0)
chk(42,0,19600,0)r
set(17,3500,21350,180)pt
set(17,3500,24850,-90)
chk(42,1750,24850,90)r
set(44,-1050,24850,-90)p
set(43,-6650,24850,-90)p
set(43,-12250,24850,-90)
set(43,-17850,24850,-90)
set(43,-23450,24850,-90)p
set(43,-29050,24850,-90)p
set(43,-34650,24850,-90)
set(44,-40250,24850,90)p
set(17,-44800,24850,90)
chk(42,-44800,26600,0)r
set(17,-44800,28350,0)pt
set(44,-40250,28350,90)p
set(43,-34650,28350,-90)
set(43,-29050,28350,-90)p
set(43,-23450,28350,-90)
set(43,-17850,28350,-90)
set(43,-12250,28350,-90)
set(34,-11838,24850,90)pr
set(43,-6650,28350,-90)p
set(44,-1050,28350,-90)p
set(17,3500,28350,180)
chk(42,3500,30100,0)r
set(17,3500,31850,-90)pt
set(44,-1050,31850,-90)
set(43,-6650,31850,-90)
set(33,-4150,31850,90)pr
set(43,-12250,31850,-90)
set(33,-9700,31850,90)pr
set(43,-17850,31850,-90)
set(33,-15250,31850,90)
set(34,-17510,28350,90)pr
set(43,-23450,31850,-90)
set(33,-21050,31850,90)pr
set(43,-29050,31850,-90)
set(33,-26650,31850,90)pr
set(43,-34650,31850,-90)
set(35,-34663,27920,90)pr
set(33,-32200,31850,90)pr
set(44,-40250,31850,90)
set(33,-37725,31850,90)pr
set(17,-44800,31850,90)
chk(42,-44800,33600,0)r
set(17,-44800,35350,0)pt
set(44,-40250,35350,90)p
set(43,-34650,35350,90)
set(43,-29050,35350,90)
set(34,-32670,35350,90)pr
fix(41,-25425,35350,-2000,90)
set(43,-23450,35350,90)p
set(43,-17850,35350,90)
set(34,-17389,35350,90)pr
set(43,-12250,35350,90)p
set(43,-6650,35350,90)p
set(43,-1050,35350,-90)p
set(44,4550,35350,-90)p
set(17,8950,35350,180)
chk(42,8950,37100,0)r
set(15,8950,39900,180)p
set(16,8950,45260,180)p
set(21,8950,50860,0)p
set(18,8950,56460,180)p
set(19,8950,61010,-90)
chk(40,8950,59260,0)r
set(18,4400,61010,-90)
set(36,3682,62820,0)
set(36,3682,59200,180)
set(18,-1200,61010,-90)
set(36,-2198,59200,180)
set(36,1722,59200,180)
set(36,-2198,62820,0)
set(36,1722,62820,0)ph
set(36,-238,62820,0)
set(36,-238,59200,180)ph
set(18,-6800,61010,-90)
set(36,-6118,59200,180)
set(36,-6118,62820,0)
set(36,-4158,62820,0)
set(36,-8078,62820,0)ph
set(36,-4158,59200,180)
set(36,-8078,59200,180)
set(18,-12400,61010,-90)
set(36,-10038,59200,180)ph
set(36,-10038,62820,0)
set(22,-15760,61010,90)
chk(40,-16320,61010,90)r
set(12,-19150,62530,-120)p
set(14,-23730,64050,0)
chk(40,-23730,62300,0)r
set(10,-23730,59500,180)p
set(38,-23730,58994,0)
set(38,-23730,60994,0)
set(38,-23730,59994,0)
set(10,-23730,53900,180)p
set(38,-23730,52860,0)
set(38,-23730,54860,0)
set(38,-23730,56860,0)
set(38,-23730,57994,0)
set(38,-23730,55860,0)
set(38,-23730,53860,0)
set(10,-23730,48300,180)
set(38,-23730,51860,0)
set(23,-23730,45500,0)
set(31,-23730,45794,180)pr
set(23,-23730,18564,180)
set(10,-23730,10775,180)
set(30,-23730,16884,0)pl
chk(40,-23730,7975,0)r
set(13,-22210,5145,30)p
set(10,-20690,-485,0)
set(32,-20340,1047,180)pr
set(14,-20690,-5035,90)
chk(40,-20690,-3285,0)r
set(22,-18380,-5035,90)p
set(22,-17260,-5035,-90)
set(23,-16700,-5035,90)
set(26,-16100,-5035,-90)pr
set(20,-4550,-4550,90)p
set(17,0,-4550,180)
chk(42,-1750,-4550,90)r
set(23,-7350,-4550,-90)

maxl(16,-48662,-6685)
maxb(13,-9085,-46262)
maxr(16,13738,-6685)
maxt(13,67714,-46262)
