
name(In The Deep Sea)

snap(5,5,-5)

sky(205,230,255)
fog(185,214,247)
ground(1,19,177)
polys(97,112,218)

fadefrom(8000)
density(10)

nlaps(1)

set(47,0,0,0)
chk(40,0,3375,0)
set(14,0,4500,0)pt
chk(40,1375,4500,90)
set(14,2750,4500,-90)pt
chk(40,2750,3375,0)
set(14,2750,1850,180)pt
chk(40,1375,1900,-90)
set(14,0,1850,90)p
set(10,0,5600,0)
set(14,0,10100,-90)pt
chk(40,-2000,10100,90)
set(10,-4500,10100,90)p
set(32,-5500,10400,90)p
set(32,-5500,9800,90)p
set(26,-7000,10100,90)pr

set(14,-14000,12300,90)pt
set(10,-14000,16800,0)p
set(38,-14000,16800,0)
set(38,-14000,17800,0)
set(38,-14000,18800,0)
chk(40,-14000,18800,0)
chk(40,-14000,19800,0)
set(38,-14000,19800,0)
set(38,-14000,20800,0)
set(38,-14000,21800,0)
set(10,-14000,22400,0)p
set(38,-14000,22800,0)
set(38,-14000,23800,0)
set(38,-14000,24800,0)
Chk(40,-14000,24800,0)
Chk(40,-14000,25800,0)
set(38,-14000,25800,0)
set(38,-14000,26800,0)
set(38,-14000,27800,0)
set(10,-14000,28000,0)p
set(38,-14000,28800,0)
set(38,-14000,29800,0)
set(38,-14000,30800,0)
chk(40,-14000,30800,0)
set(38,-14000,31800,0)
set(38,-14000,32800,0)
set(10,-14000,33600,0)p
set(38,-14000,33800,0)
set(38,-14000,34800,0)
chk(40,-14000,34800,0)
chk(40,-14000,35800,0)
set(38,-14000,35800,0)
set(38,-14000,36800,0)

set(14,-14000,38100,0)pt
set(32,-12000,38400,-90)pr
set(32,-12000,37800,-90)pr
chk(40,-10000,38100,90)
set(10,-9500,38100,90)p
set(32,-8000,38400,-90)pr
set(32,-8000,37800,-90)pr
chk(40,-6000,38100,90)
set(32,-4000,38400,-90)pr
set(32,-4000,37800,-90)pr
set(10,-3900,38100,90)p
chk(40,-2000,38100,90)
set(32,0,38400,-90)pr
set(32,0,37800,-90)pr
set(10,1700,38100,90)p
chk(40,2000,38100,90)

set(14,6200,38100,-90)pt
set(33,6200,36000,0)pr
chk(40,6200,34000,180)
set(10,6200,33600,0)p
set(33,6200,32000,0)pr
chk(40,6200,30000,180)
set(33,6200,28000,0)pr
set(10,6200,28000,0)p
chk(40,6200,26000,180)
set(33,6200,24000,0)pr
set(10,6200,22400,0)p
chk(40,6200,22000,180)
set(33,6200,20000,0)pr
chk(40,6200,18000,180)
set(10,6200,16800,0)p
set(33,6200,16000,0)pr
chk(40,6200,14000,180)

set(14,6200,12300,180)pt
set(14,3450,12300,90)pt
set(38,3450,15500,0)
set(38,3450,16500,0)
set(10,3450,16800,0)p
set(38,3450,17500,0)
set(38,3450,18500,0)
set(38,3450,19500,0)
chk(40,3450,19500,0)
set(38,3450,20500,0)
set(38,3450,21500,0)
set(10,3450,22400,0)p
set(38,3450,22500,0)
set(38,3450,23500,0)
chk(40,3450,23500,0)
set(38,3450,24500,0)
set(26,3450,25000,0)pr

set(10,0,28000,0)p
chk(40,0,29000,0)
set(14,0,32550,-90)pt
set(22,-2310,32550,-90)p
chk(40,-5600,32550,-90)
set(18,-5670,32550,90)p
set(19,-10220,32550,0)pt
set(21,-10220,28000,0)p
set(15,-10220,22400,0)p
set(15,-10220,16800,0)p
set(34,-10220,17000,0)pr
fix(41,-10220,14000,-1700,0)
set(15,-10220,11200,180)p
set(15,-10220,5600,0)p
set(21,-10220,0,180)p
set(19,-10220,-4550,90)pt
set(22,-7910,-4550,-90)p
set(10,-4550,-4550,90)
chk(40,-2000,-4550,90)
set(14,0,-4550,180)pt


maxr(10,7000,-6000)
maxb(5,-8400,-12800)
maxt(5,39000,-12800)
maxl(10,-15200,-6500)





