snap(0,0,0)

sky(0,0,0)
fog(255,0,0) 
ground(255,0,0)
polys(255,10,10)

fadefrom(7000)
density(3)

name(The Silent Hell)
nlaps(4)

set(47,0,0,0)p
set(10,0,5600,0)p
set(10,0,11200,0)p
set(10,0,16000,0)p
set(31,0,20109,0)pr
set(23,0,21789,180)p
set(23,0,31411,0)p
set(30,0,33091,180)p
set(10,0,39200,0)p
set(10,0,44800,0)p
chk(40,0,47200,0)
set(12,1500,50400,-30)p
chk(40,3000,53200,0)
set(12,4500,56000,-30)p
set(10,6000,61600,0)p
chk(40,6000,61600,0)
set(12,7500,67200,-30)p
set(20,9000,72800,180)p
set(17,9000,77300,0)pt
chk(42,10750,77300,90)
set(17,12500,77300,-90)pt
set(15,12500,72800,0)p
set(15,12500,67200,0)p
set(34,12500,64400,0)pr
set(15,12500,50400,0)p
chk(42,12500,50400,180)
set(20,12500,44800,180)p
set(26,12500,42000,180)pr
set(10,12500,32000,0)p
set(32,12800,30000,0)
set(32,12200,30000,0)
set(10,12500,26400,0)p
set(20,12500,20800,0)p
set(15,12500,15200,0)p
set(33,12500,12400,0)
set(15,12500,9600,0)p
chk(42,12500,6600,180)
set(17,12500,5100,180)pt
set(15,8000,5100,90)p
set(35,6000,5100,90)pr

set(17,-3000,5100,90)pt
chk(42,-3000,6600,0)
set(15,-3000,9600,0)p
set(33,-3000,12400,0)
set(15,-3000,15200,0)p
set(17,-3000,19700,-90)pt
chk(42,-4500,19700,-90)
set(15,-7500,19700,90)p
set(33,-7500,19700,90)
set(17,-12000,19700,90)pt
chk(42,-12000,21000,0)
set(15,-12000,24200,0)p
set(15,-12000,29800,0)p
set(34,-12000,32600,0)pr
set(15,-12000,35400,0)p
set(15,-12000,41000,0)p
set(35,-11600,43800,0)
set(35,-12400,43800,0)
set(15,-12000,46600,0)p
set(15,-12000,52200,0)p
set(34,-12000,54000,0)pr
set(15,-12000,57800,0)p
set(15,-12000,63400,0)p
set(15,-12000,69000,0)p
set(15,-12000,74600,0)p
set(17,-12000,79100,-90)pt
chk(42,-13500,79100,-90)
set(20,-16500,79100,90)p
set(10,-22100,79100,90)p
set(14,-26600,79100,0)pt
chk(40,-26600,77600,180)
set(13,-25100,74600,-150)p
set(32,-23600,71800,180)
chk(40,-23600,71800,0)
set(13,-22100,69000,-150)p
set(32,-20600,66200,180)
chk(40,-20600,66200,0)
set(12,-22100,63400,150)p
set(32,-23600,60600,0)
chk(40,-23600,60600,0)
set(12,-25100,57800,150)p
set(10,-26600,52200,0)p
set(10,-26600,46600,0)p
chk(40,-26600,45000,0)p
set(31,-26600,43800,180)pr

fix(3,-26600,39550,-3000,0)
fix(2,-26600,29300,-3000,0)
fix(1,-26600,22050,-3000,0)

set(31,-26600,14800,0)pr
set(10,-26600,12100,0)p
set(10,-26600,6500,0)p
set(14,-26600,2000,90)pt
chk(40,-25100,2000,90)
set(10,-22100,2000,90)p
set(11,-16500,2000,90)p
set(32,-13700,2300,-90)
chk(40,-13700,2000,90)
set(32,-13700,1700,-90)
set(12,-10900,500,-120)p
set(32,-7900,-700,90)
chk(40,-7900,-1000,90)
set(32,-7900,-1300,90)
set(14,-6400,-1000,180)pt
set(14,-6400,2000,-90)pt
set(32,-7900,2300,90)
chk(40,-7900,2000,-90)
set(32,-7900,1700,90)
set(13,-10900,500,120)p
set(32,-13700,-1300,-90)
chk(40,-13700,-1000,90)
set(32,-13700,-700,-90)
set(11,-16500,-1000,90)p
set(10,-22100,-1000,90)p
set(14,-26600,-1000,0)pt
chk(40,-26600,-2850,180)
set(14,-26600,-4500,90)pt
set(10,-22100,-4500,90)p
set(10,-16500,-4500,90)p
set(29,-14000,-4500,90)pr

set(10,-4500,-4500,90)p
chk(40,-1000,-4500,90)
set(14,0,-4500,180)pt


maxr(19,14000,-7000)
maxb(9,-9400,-26800)
maxl(19,-29200,-7000)
maxt(9,81800,-26800)

