snap(-10,-10,10)

sky(255,255,255)
fog(230,230,230) 
ground(120,190,228)
polys(166,213,238) 

fadefrom(7000)
density(4)

name(Heaven Arena)
nlaps(5)

set(47,0,0,0)p
set(31,0,2800,0)pr
set(10,0,5600,0)p
set(10,0,11200,0)p
set(10,0,16800,0)p
set(10,0,22400,0)p
set(10,0,28000,0)
set(28,0,28000,0)pr
set(10,0,33600,0)p
set(10,0,39200,0)p
set(29,0,42000,0)pr
set(10,0,44800,0)p
set(10,0,50400,0)p
set(36,-1900,51000,90)ph
set(10,0,56000,0)p
fix(41,0,60000,0,0)
set(10,0,61600,0)p
set(10,0,67200,0)p
set(32,-400,70600,180)
set(32,0,70600,180)
set(32,400,70600,180)
chk(40,0,70700,0)
set(14,0,71700,0)pt

set(10,4500,71700,90)p
set(30,5500,71700,-90)pr
set(37,10000,71700,90)
set(37,11000,72000,90)
set(37,10000,71700,90)
set(10,10100,71700,90)p
set(37,11000,71400,90)
set(37,12000,71700,90)
set(37,13000,72000,90)
set(37,14000,71700,90)
fix(41,14000,71700,0,90)
set(37,15000,71400,90)
set(10,15700,71700,90)p
set(37,16000,71700,90)
set(37,17000,72000,90)
set(37,18000,71700,90)
set(10,21300,71700,90)p
chk(40,24800,71700,90)
set(14,25800,71700,-90)pt

set(10,25800,67200,0)p
set(31,25800,64400,180)pr
set(10,25800,61600,0)p
set(38,25800,60000,0)
set(38,25800,58000,0)
set(10,25800,56000,0)p
set(38,25800,56000,0)
set(38,25800,54000,0)
set(38,25800,52000,0)
set(10,25800,50400,0)p
set(38,25800,50000,0)
set(38,25800,48000,0)
set(38,25800,46000,0)
set(10,25800,44800,0)p
set(38,25800,44000,0)
set(38,25800,42000,0)
set(38,25800,40000,0)
set(10,25800,39200,0)p
set(38,25800,38000,0)
set(38,25800,36000,0)
set(38,25800,34000,0)
set(10,25800,33600,0)p
set(38,25800,32000,0)
set(38,25800,30000,0)
set(10,25800,28000,0)p
set(38,25800,28000,0)
set(38,25800,26000,0)
set(38,25800,24000,0)
set(10,25800,22400,0)p
set(38,25800,22000,0)
set(38,25800,20000,0)
set(38,25800,18000,0)
set(10,25800,16800,0)p
set(38,25800,16000,0)
set(38,25800,14000,0)
set(38,25800,12000,0)
set(10,25800,11200,0)p
set(38,25800,10000,0)
set(38,25800,8000,0)
set(38,25800,6000,0)
fix(41,25800,6000,0,0)
set(10,25800,5600,0)p
set(10,25800,0,0)p
chk(40,25800,-3500,180)
set(14,25800,-4500,180)pt

set(27,23500,-4500,90)pr
set(38,20000,-4500,90)
set(10,21300,-4500,90)p
set(38,20000,-4500,90)
set(38,18000,-4500,90)
set(38,16000,-4500,90)
set(10,15700,-4500,90)p
set(38,14000,-4500,90)
set(38,12000,-4500,90)
set(10,10100,-4500,90)p
set(38,10000,-4500,90)
set(38,8000,-4500,90)
set(38,6000,-4500,90)
set(10,4500,-4500,90)p
set(38,4000,-4500,90)
fix(41,4000,-4500,0,90)
set(26,2000,-4500,-90)
chk(40,1000,-4500,-90)
set(14,0,-4500,90)pt

set(15,14500,11200,0)po
set(15,14500,16800,0)
set(15,14500,22400,0)
set(15,14500,28000,0)
set(15,14500,33600,0)
set(35,14500,33600,180)
set(15,14500,39200,0)
set(15,14500,44800,0)
set(15,14500,50400,0)
set(15,14500,56000,0)
set(15,14500,61600,0)
set(15,11000,61600,0)po
set(15,11000,56000,0)
set(15,11000,50400,0)
set(15,11000,44800,0)
set(15,11000,39200,0)
set(35,11000,39200,0)
set(15,11000,33600,0)
set(15,11000,28000,0)
set(15,11000,22400,0)
set(15,11000,16800,0)
set(15,11000,11200,0)


maxl(18,-5000,-6500)
maxt(8,77500,-2600)
maxr(18,29600,-6500)
maxb(8,-8900,-2600)
