snap(-30,-30,-30)

sky(0,128,192)
fog(128,128,255)
ground(0,64,128)
polys(0,0,201)

fadefrom(5000)
density(4)

name(Use Your Gun To Run)

nlaps(1)

set(47,0,0,0)p
set(23,0,-2800,0)
set(10,0,5600,0)p
set(10,0,11200,0)p
set(10,0,16800,0)p
set(10,0,22400,0)p
set(23,0,25200,180)

set(23,3000,3000,0)
set(10,3000,5800,0)p
set(26,3000,6200,0)
set(10,3000,11400,0)
set(23,3000,13200,180)

set(33,0,-8200,0)
set(33,0,-11800,0)
fix(41,0,-10000,-800,90)
fix(41,0,-10000,-800,0)
set(33,1800,-10000,90)
set(33,-1800,-10000,90)

set(23,-3000,3000,0)
set(10,-3000,5800,0)
set(26,-3000,6200,0)
set(10,-3000,11400,0)
set(23,-3000,13200,180)

set(38,0,5600,0)
set(38,0,7600,0)
set(38,0,9600,0)
set(38,0,11600,0)
set(38,0,3600,0)
set(38,0,13600,0)
set(38,0,15600,0)
set(38,0,17600,0)
set(31,0,24200,0)

set(23,-3040,38000,0)
set(23,3040,38000,0)

set(10,-3040,40800,0)p
set(10,3040,40800,0)p
set(10,-3040,46400,0)p
set(10,3040,46400,0)p
set(10,-3040,52000,0)p
set(10,3040,52000,0)p

set(31,3040,51500,0)
set(31,-3040,51500,0)

fix(41,-3040,60900,-5500,0)
fix(41,3040,60900,-5500,0)

set(10,-3040,57600,0)
set(10,3040,57600,0)p
set(10,-3040,63200,0)
set(10,3040,63200,0)p
set(10,-3040,68800,0)
set(10,3040,68800,0)p
set(10,-3040,74400,0)
set(10,3040,74400,0)p

set(12,-1520,80030,-30)
set(13,1520,80030,30)p

set(10,0,85630,0)p
set(10,0,91230,0)p
set(10,0,96830,0)p
chk(40,0,98430,0)
set(14,0,101380,0)pt

set(10,4550,101380,90)p
set(21,10150,101380,90)
chk(42,15850,101380,90)
set(15,15750,101380,90)p
set(15,21350,101380,90)p
set(15,26950,101380,90)p
set(15,32550,101380,90)p
set(17,37100,101380,-90)pt
set(35,21250,101380,90)pr

set(20,37100,96830,180)
set(14,37100,92280,180)pt
set(10,32550,92280,90)p
chk(40,32550,92280,90)
set(10,26950,92280,90)p
set(32,26950,91930,90)pr

set(10,21350,92280,90)p
set(10,15750,92280,90)p
set(14,11200,92280,90)pt

set(10,11200,96830,0)p
set(14,11200,101380,270)
chk(40,11200,98380,0)
set(20,37100,96830,180)

set(29,28920,96830,90)
set(23,31084,96830,90)p
set(23,26756,96830,-90)p

set(32,4560,101730,90)pr

set(30,-3400,101380,-90)pr
set(23,-3000,101380,90)

set(23,-3000,101380,90)
set(10,-5800,101380,90)p
set(10,-11400,101380,90)p
set(10,-17000,101380,90)p
chk(40,-19850,101380,90)
set(14,-21550,101380,0)pt
set(10,-21550,96830,0)
set(10,-21550,91230,0)p
set(10,-21550,85630,0)
chk(40,-21550,84600,0)
set(27,-21550,83130,180)pr
set(23,-21550,82830,0)

set(23,-19550,68830,180)
set(10,-19550,66030,0)p
set(10,-19550,60430,0)
chk(40,-19550,59400,0)
set(27,-19550,57930,180)pr
set(23,-19550,57630,0)

set(23,-21550,43630,180)
set(10,-21550,40830,0)
set(10,-21550,35230,0)p
chk(40,-21550,34200,0)
set(27,-21550,32730,180)pr
set(23,-21550,32430,0)

set(24,-19550,18430,0)
set(15,-19550,15630,0)
chk(42,-19550,16403,0)
set(15,-19550,10030,0)p
set(33,-19550,4430,0)pr
set(15,-19550,4430,0)
set(33,-19550,-1160,0)pr
set(15,-19550,-1170,0)p
set(33,-19550,-6750,0)pr
set(15,-19550,-6770,0)
chk(42,-19550,-7520,0)
set(17,-19550,-11320,90)pt
set(17,-16050,-11320,180)pt
set(44,-16050,-6770,180)
set(43,-16050,-1170,0)p
set(43,-16050,4430,0)
set(35,-16050,-705,0)pr
set(43,-16050,10030,0)p
set(44,-16050,15630,0)
set(17,-16050,20180,0)pt
set(20,-11500,20180,-90)
set(10,-5900,20180,-90)
set(26,-4400,20180,-90)pr
set(23,-3100,20180,90)
set(37,-2300,20180,90)

set(23,3100,20180,-90)
set(37,2300,20180,90)
set(26,4400,20180,90)pr
set(10,5900,20180,90)p
chk(40,8800,20180,90)
set(14,10450,20180,-90)pt
set(10,10450,15630,0)p
set(10,10450,10030,0)
set(28,10450,13030,0)pr
set(10,10450,4430,0)p
set(28,10450,0,0)pr
set(10,10450,-1170,0)p
set(10,10450,-6770,0)
chk(40,10450,-9500,0)
set(14,10450,-11320,90)pt
set(10,15000,-11320,90)
set(14,19550,-11320,180)pt
set(10,19550,-6770,0)
set(10,19550,-1170,0)p
set(30,19550,1600,0)pr
set(10,19550,4430,0)
set(10,19550,10030,0)p
set(32,19550,19300,0)pr
set(32,20000,19300,0)
set(32,19100,19300,0)pr
set(10,19550,15630,0)
set(10,19550,21230,0)p
set(10,19550,26830,0)
set(10,19550,32430,0)
chk(40,19550,34655,0)
set(14,19550,36980,0)pt
set(10,24100,36980,90)
set(32,24500,36530,-90)
set(32,24500,36980,-90)
set(32,24500,37430,-90)
set(32,26000,36980,0)
set(32,37500,36530,-90)
set(32,37500,36980,-90)
set(32,37500,37430,-90)
set(32,39000,36980,0)
set(10,29700,36980,90)p
set(10,35300,36980,90)
set(10,40900,36980,90)p
chk(40,42876,36980,90)
set(14,45450,36980,-90)pt
set(10,45450,32430,0)
set(10,45450,26830,0)p
set(26,45450,21000,180)pr
set(10,45450,21230,0)
set(10,45450,15630,0)
set(10,45450,10030,0)
set(10,45450,4430,0)p
set(10,45450,-1170,0)

set(14,45450,-5720,180)pt
set(10,40900,-5720,90)
chk(40,37500,-5720,90)
set(10,35300,-5720,90)p
set(14,30750,-5720,90)pt
set(10,30750,-1170,0)
set(10,30750,4430,0)
set(26,30750,3750,0)
set(10,30750,10030,0)
set(10,30750,15630,0)
set(10,30750,21230,0)
set(10,30750,26830,0)
set(31,30750,29300,0)pr
set(23,30750,29630,180)

chk(42,30750,51000,0)
set(24,30750,48800,180)p
set(15,30750,51600,0)p
set(24,30750,54400,0)p

maxl(30,-26000,-17000)
maxt(27,107800,-34000)
maxr(27,61400,-12400)
maxb(30,-17000,-27600)