
//snap(23,-16,-54)
snap(30,50,80)

sky(228,228,228)
fog(194,194,194)
ground(160,160,160)
polys(180,180,180)

fadefrom(8000)
density(8)

mountains(46869)
nlaps(2)
//changing laps count as cheating! 
name(Icy Wind)

set(48,0,0,0)p
set(20,0,5600,0)p
set(10,0,11200,0)
set(10,0,16800,0)
set(10,0,22400,0)
set(10,0,28000,0)p
set(10,0,33600,0)
set(14,0,38150,0)
chk(40,0,36150,0)
set(14,3500,38150,-90)
set(10,3500,33600,0)
set(10,3500,28000,0)
set(10,3500,22400,180)
set(27,3500,24375,180)pr
set(10,3500,16800,180)
set(10,3500,11200,180)
set(10,3500,5600,180)
set(10,3500,0,180)
set(32,3150,1725,180)
set(32,3850,-1675,180)pr
set(10,3500,-5600,180)p
set(10,3500,-11200,180)
set(14,3500,-15750,90)
chk(40,3500,-13525,0)
set(14,7000,-15750,180)pt
set(10,7000,-11200,180)
set(10,7000,-5600,180)p
set(10,7000,0,180)p
fix(41,7000,7478,-900,0)
set(10,7000,5600,180)
set(10,7000,11200,180)
set(10,7000,16800,180)
set(30,3500,16250,0)pl
set(44,6720,29760,180)
set(44,6720,35360,0)
set(24,6720,38160,0)
set(20,10040,33660,180)
set(10,10040,28060,180)
set(12,8520,22430,150)p
set(10,10040,22460,180)p
set(15,10040,39260,0)
set(49,6720,34222,180)
set(49,6720,31072,0)
chk(42,10040,40836,0)
set(17,10040,43810,-90)pt
set(15,5490,43810,90)p
set(15,-110,43810,90)
chk(42,-1925,43810,90)
set(17,-4660,43810,0)pt
set(15,-4660,39260,180)p
set(15,-4660,33660,180)
set(15,-4660,28060,0)p
set(15,-4660,22460,0)p
set(20,-4660,16860,180)p
set(10,-4660,11260,180)
set(29,0,13375,0)
set(11,-4660,5660,180)
set(27,-4660,9180,180)pr
set(10,-4660,60,0)p
set(10,-4660,-5540,0)p
set(10,-4660,-11140,0)
set(14,-4660,-15690,90)
set(22,-2350,-15690,90)
chk(40,-2150,-15690,90)
set(19,-40,-15690,-90)
set(19,-40,-19190,90)pt
set(18,4510,-19190,90)p
set(36,3220,-21000,180)
set(18,10110,-19190,-90)
set(36,10300,-21000,180)ph
set(19,14660,-19190,180)
chk(40,12910,-19190,90)
set(18,14660,-14640,180)
set(18,14660,-9040,180)p
set(36,16460,-11800,-90)
set(18,14660,-3440,180)p
set(18,14660,2160,180)
set(36,16460,-1000,-90)
set(18,14660,7760,180)
set(18,14660,13360,180)
set(36,16460,10160,-90)ph
set(18,14660,18960,180)p
set(36,16460,20150,-90)
set(18,14660,24560,180)p
set(18,14660,30160,180)p
set(36,16460,30508,-90)
set(18,14660,35760,180)p
set(18,14660,41360,180)p
set(18,14650,43100,180)p
set(19,14650,47650,-90)
chk(40,14650,45900,0)
set(18,10100,47650,-90)p
set(18,4500,47650,-90)p
set(18,-1100,47650,-90)p
set(36,-220,49460,0)
set(18,-4525,47650,-90)p
set(19,-9075,47650,0)
chk(40,-7325,47650,90)
set(18,-9075,43100,0)p
set(18,-9075,37500,0)p
set(36,-10860,38500,90)
set(18,-9075,31900,0)
set(34,-4660,33450,0)pr
set(18,-9075,26300,0)
set(36,-10860,27225,90)ph
set(18,-9075,20700,0)p
set(18,-9075,15100,0)p
set(36,-10860,17825,90)
set(18,-9075,9500,0)p
set(36,-10860,10450,90)
set(18,-9075,3900,0)p
set(22,-9075,540,180)p
set(23,-9075,-20,0)
set(32,-9425,-1075,180)pr
set(23,-9075,-8050,180)p
set(10,-9075,-10850,180)p
set(10,-9075,-14400,180)p
set(14,-9075,-18950,90)
set(22,-6790,-18950,-90)
set(22,-5670,-18950,90)
chk(40,-5950,-18950,90)
set(22,-4550,-18950,-90)
set(23,-3990,-18950,90)
set(23,0,-12150,0)
set(20,0,-5600,180)
set(30,0,-11709,180)pl
set(24,6720,26960,180)
set(10,10040,16860,180)
set(10,10040,11260,180)
set(10,10040,5660,180)
set(28,7000,5600,180)pr
set(10,10040,60,180)
set(31,10040,5660,0)pr
set(12,8520,-5570,150)
set(24,10825,-15500,180)
set(15,10825,-12700,0)
set(24,10825,-9900,0)
set(34,10825,-12550,180)pr
set(51,-3630,-18950,-90)pr

maxl(16,-14000,-21770)
maxb(7,-24170,-11600)
maxr(16,19600,-21770)
maxt(7,52630,-11600)
