snap(20,-30,-60)

sky(0,0,0)
fog(70,70,70) 
ground(133,204,102)
polys(31,101,20)

fadefrom(7000)
density(6)

name(Night In The Field)
nlaps(3)

set(47,0,0,0)p
set(37,0,600,0)
set(37,-250,1200,0)
set(37,250,1800,0)
set(37,0,2400,0)
set(37,-250,3000,0)
set(37,250,3600,0)
set(37,0,4200,0)
set(37,-250,4800,0)
set(37,250,5400,0)
set(10,0,5600,0)p
set(10,0,11200,0)p
set(27,0,12200,0)pr
fix(41,0,14500,-1500,0)s
set(10,0,16800,0)p
set(10,0,22400,0)p
chk(40,0,25300,0)
set(14,0,26950,0)pt
set(10,4550,26950,90)p
set(14,9100,26950,180)pt
chk(40,9100,28700,0)
set(14,9100,30450,-90)pt
set(10,4550,30450,90)p
set(23,-3850,30450,90)p
set(29,-414,30450,90)pr
set(10,-6650,30450,90)p
set(10,-12250,30450,90)p
set(14,-16800,30450,0)pt
chk(40,-16800,28700,0)
set(14,-16800,26950,90)pt
set(10,-12250,26950,-90)p
set(14,-7700,26950,-90)pt
set(10,-7700,22400,0)p
set(10,-7700,16800,0)
set(26,-7700,18800,180)pr
fix(41,-7700,13900,-1500,0)s

set(10,-7700,11200,0)p
set(37,-7400,15000,90)
set(37,-8000,14000,90)
set(37,-7400,13000,90)
set(37,-7700,11000,0)
set(10,-7700,5600,0)p
chk(40,-7700,5600,0)
set(14,-7700,1100,180)pt
set(10,-12200,1100,90)p
set(10,-17600,1100,90)p
chk(40,-18700,1100,90)
set(14,-22100,1100,90)pt
set(10,-22100,5600,0)p
chk(40,-22100,6600,0)
set(12,-20600,11200,-30)p
chk(40,-19100,16800,0)
set(10,-19100,16800,0)p
set(14,-19100,21300,0)pt
set(14,-16400,21300,-90)pt
set(10,-16400,16800,0)p
chk(40,-16400,16800,180)
set(13,-14900,11200,30)p
chk(40,-13400,5600,180)
set(10,-13400,5600,0)p
set(26,-13400,2800,180)pr

set(15,-13400,-4000,0)p
set(33,-13400,-6800,0)
set(15,-13400,-9600,0)p
set(15,-13400,-15200,0)p
set(33,-13400,-18000,0)
set(15,-13400,-20800,0)p
set(15,-13400,-26400,0)p
set(17,-13400,-30900,180)pt
chk(42,-15000,-30900,-90)
set(15,-17900,-30900,90)p
set(15,-23500,-30900,90)p
set(17,-28000,-30900,90)pt
chk(42,-28000,-29400,180)
set(15,-28000,-26400,0)p
set(33,-28000,-23600,0)
set(15,-28000,-20800,0)p
set(35,-28400,-12800,0)
set(15,-28000,-15200,0)p
set(35,-27600,-12800,0)
set(15,-28000,-9600,0)p
set(15,-28000,-4000,0)p
set(15,-28000,1600,0)p
set(17,-28000,6100,0)pt
chk(42,-26650,6100,90)
set(17,-25300,6100,-90)pt
set(15,-25300,1600,0)p
set(34,-25300,-1200,0)pr
set(15,-25300,-18100,0)p
set(15,-25300,-23700,0)p
chk(42,-25300,-26700,180)
set(17,-25300,-28200,90)pt
set(15,-20800,-28200,90)p
set(34,-18000,-28200,90)pr

set(15,-5600,-28200,90)p
set(34,-2800,-28200,90)pr
set(15,5600,-28200,90)p
chk(42,8400,-28200,90)
set(15,11200,-28200,90)p
set(20,16800,-28200,-90)p
set(14,21300,-28200,180)pt
chk(40,21300,-26700,0)
set(10,21300,-23700,0)p
set(13,19800,-18100,30)p
set(10,18300,-12500,0)p
set(32,18700,-12500,0)pr
chk(40,18300,-12500,0)
set(32,17900,-12500,0)pr
set(12,19800,-6900,-30)p
set(32,21700,-1300,0)pr
chk(40,21300,-1300,0)
set(32,20900,-1300,0)pr
set(10,21300,-1300,0)p
set(13,19800,4300,30)p
set(10,18300,9900,0)p
set(32,18700,9900,0)pr
chk(40,18300,9900,0)
set(32,17900,9900,0)pr
set(12,19800,15500,-30)p
set(32,21700,21100,0)pr
chk(40,21300,21100,0)
set(32,20900,21100,0)pr
set(10,21300,21100,0)p
set(14,21300,25600,0)pt
chk(40,22650,25600,90)
set(14,24000,25600,-90)pt
set(10,24000,21100,0)p
set(26,24000,18300,180)pt

set(37,24300,7000,0)
set(37,24000,7000,0)
set(37,23700,7000,0)
set(10,24000,5600,0)p
set(26,24000,2800,180)pr

set(37,24300,-11300,0)
set(37,24000,-11300,0)
set(37,23700,-11300,0)
set(10,24000,-12900,0)p
set(26,24000,-15700,180)pr

set(10,24000,-26400,0)p
chk(40,24000,-29400,180)
set(14,24000,-30900,180)pt
set(10,19500,-30900,90)p
set(10,13900,-30900,90)p
set(26,11100,-30900,90)pr
set(10,4500,-30900,90)p
set(14,0,-30900,90)pt
chk(40,0,-29400,0)
set(10,0,-26400,0)p
set(31,0,-23600,0)pr

chk(40,0,-8400,0)
set(10,0,-5600,0)p


maxr(14,25000,-30000)
maxb(12,-32000,-30000)
maxt(12,32000,-30000)
maxl(14,-32000,-30000)