
name(Trappy Dragrace)

snap(22,-5,-30)

sky(200,200,200)
fog(100,112,217)
ground(0,0,0)
polys(255,255,255)

fadefrom(7000)
density(3)

nlaps(1)

set(23,0,-2800,0)
set(47,0,0,0)p
set(27,0,2800,0)pr
set(10,0,5600,180)p
set(10,0,11200,0)p
set(10,0,16164,0)
set(10,0,21128,0)p
set(10,0,26728,180)p
set(10,0,32328,0)p
set(10,0,37928,0)p
set(10,0,43528,0)
set(31,0,43528,0)pr
set(10,0,49128,0)p
set(26,0,49128,180)pr
set(10,0,54728,180)p
set(10,0,60328,180)p
set(10,0,65928,0)
set(10,0,71528,0)p
set(10,0,77128,180)p
set(29,0,82092,180)pr
set(10,0,87056,180)p
set(10,0,92656,180)p
set(10,0,98256,180)p
set(10,0,103856,180)p
set(10,0,109456,0)p
set(10,0,115056,0)
set(10,0,115056,0)pr
set(10,0,120656,0)p
set(10,0,126256,0)p
set(10,0,131856,0)p
set(10,0,137456,0)

set(10,0,143056,0)p
set(32,-300,143056,0)
set(32,300,143056,180)
set(10,0,148656,0)p
set(32,-300,148656,180)
set(32,300,148656,0)
set(10,0,154256,0)p
set(32,-300,154256,0)
set(32,300,154256,180)
set(23,0,157056,0)

set(23,0,161570,0)
set(38,0,161570,0)
set(10,0,164370,0)
set(10,0,170000,0)

set(10,0,175630,0)p
set(10,0,181230,180)p
set(10,0,186830,0)
set(27,0,186830,0)pr
fix(41,0,189830,-1600,0)
set(27,0,192830,180)pr
set(10,0,192430,0)
set(10,0,198030,0)p
set(10,0,203630,180)p

set(45,0,209739,0)p
set(46,0,214219,0)
set(46,0,219819,0)
set(46,0,225419,0)
set(45,0,229899,180)p
set(10,0,236008,0)

set(10,0,241608,0)p
set(10,0,247208,180)p
set(10,0,252808,180)p
set(10,0,258408,0)
set(26,0,258408,0)pr
set(10,0,264008,0)p
set(26,0,264008,180)pr
set(10,0,269608,180)
set(10,0,275208,180)p
set(10,0,280808,0)
set(32,300,277808,0)
set(32,-300,274808,0)
set(10,0,286408,0)p
set(10,0,292008,0)p
set(10,0,297608,180)
set(31,0,298608,0)pr
set(23,0,300408,180)

set(23,0,310000,0)
set(31,0,311680,180)p
set(10,0,317789,0)p
set(10,0,323389,180)p
set(31,0,328989,0)
set(10,0,328989,180)p
set(10,0,334589,0)p
set(31,0,334589,180)
set(10,0,340189,0)p
set(10,0,345789,0)p
set(10,0,351389,180)p
set(10,0,356989,0)p
set(32,-300,356989,0)
set(32,300,356989,0)
set(10,0,362589,180)p
set(32,-300,362589,180)
set(32,300,362589,180)
set(10,0,368189,0)p
set(10,0,373789,0)
set(10,0,379389,0)p
set(10,0,384989,0)p
set(10,0,390589,0)
set(31,0,390589,0)
set(10,0,396189,0)p
set(26,0,396189,180)
set(23,0,398989,180)
chk(40,0,399989,0)
chk(40,0,5600,180)

set(23,2800,407000,90)p
set(10,0,407000,90)p
set(23,-2800,407000,-90)p

maxl(87,-800,-5000)
maxr(87,800,-5000)
maxb(1,-4000,-500)
maxt(1,408000,-500)










