snap(-70,5,-25)
sky(48,48,127)
fog(11,11,50)
ground(63,129,160)
polys(83,153,187)
fadefrom(5000)
density(5)
lightson()
nlaps(2)
name(Chamonix Graveyard II)

set(47,0,0,0)p
set(10,0,5600,0)p
set(10,0,11200,0)
set(26,0,9000,0)pr
set(26,0,10188,180)
set(10,0,16800,0)p
set(10,0,22400,0)p
set(10,0,28000,0)p
chk(40,0,29512,0)
set(12,1520,33630,150)p
set(10,3040,39260,180)p
set(10,3040,44860,180)
set(26,3040,43406,0)pr
set(26,3040,44620,180)
set(10,3040,50460,180)p
set(10,3040,56060,180)p
set(10,3040,61660,180)p
chk(40,3040,61850,0)
set(14,3040,66210,-90)pt
set(10,-1510,66210,-90)p
set(10,-7110,66210,-90)p
set(10,-12710,66210,-90)p
set(10,-18310,66210,90)
set(28,-20850,66210,-90)pr
set(10,-25814,66210,-90)
fix(41,-22728,66210,-900,90)
set(13,-31444,64690,-60)
set(13,-12740,64690,-60)p
set(10,-18370,63170,-90)p
set(31,-22254,63170,90)pr
set(10,-23970,63170,-90)
set(10,-29570,63170,-90)p
set(10,-35170,63170,-90)p
set(10,-40770,63170,-90)p
set(22,-44130,63170,-90)p
chk(40,-44320,63170,90)
set(19,-46440,63170,0)pt
set(18,-46440,58620,0)
set(36,-48250,59554,90)
set(36,-48250,57594,90)
set(19,-46440,54070,90)pt
chk(40,-44390,54070,90)
set(21,-41890,54070,90)p
set(44,-36290,54070,90)p
set(34,-33490,54070,90)pr
set(43,-30690,54070,90)
set(43,-25090,54070,90)p
set(43,-19490,54070,90)p
set(33,-18286,54070,-90)pr
set(44,-13890,54070,-90)p
set(37,-11720,54070,90)
chk(42,-11720,54070,90)
set(17,-9340,54070,-90)pt
set(16,-9340,49520,0)p
set(17,-9340,44970,180)pt
set(21,-13890,44970,90)p
set(18,-19490,44970,90)
set(18,-25090,44970,90)p
set(36,-17706,46780,0)
set(36,-19666,46780,0)ph
set(36,-21603,46780,0)
set(36,-23370,46780,0)
set(22,-28450,44970,90)p
set(12,-31840,46490,60)p
chk(40,-36420,48010,90)
set(10,-37470,48010,90)p
set(10,-41160,48010,90)p
set(14,-45710,48010,0)pt
set(10,-45710,43470,0)p
set(10,-45710,37870,0)p
set(31,-45710,31761,180)pr
set(23,-45710,30081,0)
set(23,-45710,19093,180)
set(31,-45710,17614,0)p
set(10,-45710,11505,0)p
set(10,-45710,7282,0)p
chk(40,-45710,4482,0)
set(14,-45710,2732,90)pt
set(10,-41156,2732,90)p
set(10,-35556,2732,90)
set(30,-31428,2732,-90)p
set(30,-28068,2732,90)p
set(10,-29956,2732,-90)
set(10,-24356,2732,-90)
set(22,-20996,2732,90)p
set(22,-19876,2732,-90)p
chk(40,-19316,2732,90)
set(14,-17566,2732,180)pt
set(10,-17566,7282,180)p
set(10,-17566,12882,180)
set(29,-17583,11740,0)pr
set(10,-17566,18482,180)p
set(10,-17583,22526,180)p
set(13,-19103,28156,210)p
set(10,-20623,33786,0)p
set(14,-20623,38336,-90)pt
chk(40,-22373,38336,90)
set(10,-25173,38336,-90)p
set(14,-29723,38336,0)pt
set(10,-29723,33786,0)
set(32,-29723,33050,180)
set(32,-30173,33054,180)
set(32,-29273,33054,180)
set(10,-29723,28186,0)p
set(38,-29723,29740,0)
set(38,-29723,28950,0)
set(38,-29723,28140,0)
set(10,-29723,22586,0)p
set(10,-29723,16986,0)p
set(10,-29723,11386,0)
set(27,-29723,9209,180)pr
set(23,-29723,9560,0)
set(23,-30935,4647,-90)
set(10,-29723,4647,-90)
set(37,-30935,4647,180)
set(37,-27954,4647,180)
set(37,-29723,4647,180)
set(37,-28526,4647,180)
set(23,-28526,4647,90)
set(23,-28526,784,90)
set(10,-29723,784,-90)
set(37,-30935,753,0)
set(37,-27954,765,0)
set(37,-29723,765,0)
set(37,-28526,784,0)
set(23,-30935,784,-90)
set(23,-29723,-6276,180)
chk(40,-29723,-6276,0)
set(14,-29723,-8026,90)pt
set(10,-25173,-8026,90)p
set(28,-20916,-8026,90)pr
set(10,-15952,-8026,90)p
set(10,-11564,-8026,-90)p
chk(40,-9030,-8026,90)
set(14,-7000,-8026,180)pt
set(10,-7000,-3476,0)p
set(10,-7000,-2240,180)
set(32,-6936,-824,0)
set(10,-7000,3360,180)
set(32,-6650,4292,0)pr
set(32,-7350,1808,0)
set(10,-7000,8960,180)
set(22,-7000,12320,180)
set(18,-7000,15680,0)
set(18,-7000,21280,0)
set(36,-8810,18314,90)
set(36,-8810,20274,90)
set(36,-8810,22234,90)
set(36,-8810,24194,90)ph
fix(41,-7924,25532,-900,0)
set(18,-7000,26880,0)p
set(22,-7000,30240,0)p
chk(40,-7000,30635,0)
set(14,-7000,32550,0)pt
set(14,-3500,32550,-90)pt
set(10,-3500,28000,180)p
set(10,-3500,22400,180)
set(27,-3500,22528,180)pr
set(10,-3500,16800,180)
set(10,-3500,11200,180)
set(30,-3500,12065,0)p
set(10,-3500,5600,180)p
set(10,-3500,0,180)p
set(14,-3500,-4550,90)pt
chk(40,-1750,-4550,90)
set(14,0,-4550,180)pt

maxl(19,-53213,-14108)
maxb(13,-16508,-50813)
maxr(19,9187,-14108)
maxt(13,74692,-50813)
