snap(-14,-4,-60)
sky(190,226,169)
fog(189,214,161)
ground(157,202,189)
polys(161,209,199)
fadefrom(5000)
density(5)
nlaps(3)
soundtrack(uncle_human.mod,398,59)
lightson()
name(Jungle Fever)


set(47,0,0,0)p
set(10,0,5600,0)
set(26,0,6515,0)pr
set(10,0,11200,0)p
set(10,0,16800,0)p
set(10,0,20955,0)p
set(14,0,25505,0)
chk(40,0,23410,0)r
set(10,4550,25505,90)p
set(10,10150,25505,90)
fix(41,17100,25376,-2200,0)
set(10,15750,25505,90)
set(28,11200,25505,90)pr
set(10,21350,25505,-90)
chk(40,23596,25505,90)r
set(14,25900,25505,-90)pt
set(10,25900,20955,0)p
set(10,25900,15355,0)p
set(14,25900,10805,90)pt
set(10,30450,10805,90)
chk(40,30462,10805,90)r
set(14,35000,10805,180)pt
set(10,35000,15355,180)
set(23,35000,22483,180)
set(29,35000,20319,180)pr
set(23,35000,31998,0)p
set(10,35000,34798,0)p
set(13,33480,40428,30)
set(10,31960,46058,0)
set(32,31610,43902,0)pr
set(32,32310,45478,0)pr
set(10,31960,51658,0)p
set(14,31960,56208,-90)
chk(40,31960,54150,0)r
set(20,27410,56208,-90)p
set(15,21810,56208,-90)
set(33,21983,56208,90)pr
set(16,16210,56208,-90)p
set(15,10610,56208,-90)
set(33,10791,56208,90)pr
set(16,5010,56208,-90)p
set(15,-590,56208,-90)
set(33,-478,56208,90)pr
set(16,-6190,56208,-90)p
set(17,-10740,56208,0)
chk(42,-8990,56208,90)r
set(15,-10740,51658,0)
set(15,-10740,46058,0)
set(35,-10512,49344,180)pr
set(16,-10740,40458,180)p
set(17,-10740,35908,90)
chk(42,-10740,37754,0)r
set(15,-6190,35908,90)p
set(15,-2731,35919,90)p
set(17,1819,35919,180)pt
set(15,1819,40469,180)p
set(15,1819,46069,180)
set(15,1810,49500,0)
set(24,1810,52300,0)
set(24,1810,60630,180)
set(20,1810,63430,0)
set(10,1810,74630,0)
set(14,1810,79180,0)
chk(40,3560,79180,90)r
set(14,5310,79180,-90)pt
set(10,5310,74630,0)
set(30,5310,72899,540)
set(30,1810,69539,0)
set(30,1810,72899,180)pl
set(20,5310,63430,0)
set(30,5310,69539,0)pl
set(24,5310,60630,180)
set(33,5380,60140,-180)pr
set(24,5310,52225,0)p
set(20,5310,49425,180)
set(34,1810,50273,0)pr
set(13,6830,43795,210)p
set(10,8350,38165,180)p
set(10,8350,32565,180)
set(23,8350,29765,0)
set(31,8350,30928,180)pr
set(23,8350,21130,180)p
set(10,8350,18330,180)p
set(14,8350,13780,180)
set(22,6040,13780,-90)
chk(40,6600,13780,90)r
set(22,4920,13780,90)
set(23,4360,13780,-90)
set(32,3440,14130,90)
set(32,3440,13430,90)pr
set(23,-4695,13780,90)
set(32,-3820,14130,-90)
set(32,-3820,13430,-90)pr
set(10,-7495,13780,90)p
set(14,-12045,13780,0)
chk(40,-10295,13780,90)r
set(10,-12045,9230,0)
set(10,-12045,3630,0)
set(10,-12036,14,0)
set(30,-12036,5408,180)pl
set(14,-12036,-4536,90)
chk(40,-12036,-2590,0)r
set(10,-7486,-4536,90)p
set(10,-4550,-4550,90)p
set(14,0,-4550,180)pt
set(23,8350,10860,180)
set(23,8350,8504,0)
set(30,8350,10460,0)pl
set(43,17100,13143,0)p
set(44,17100,18743,0)p
set(24,17100,21543,0)po
set(34,17100,19694,180)p
set(44,17100,32572,180)p
set(43,17100,38172,0)p
set(43,17100,43772,0)p
set(44,17100,49372,0)p
set(24,17100,52172,0)p
set(24,17100,29772,180)p
set(34,17100,31866,180)pr
set(43,17100,7543,0)p
set(44,17100,1943,180)p
set(24,17100,-857,180)po

maxl(20,-19963,-8776)
maxb(13,-11176,-17563)
maxr(20,42437,-8776)
maxt(13,84824,-17563)
