
snap(-40,-40,-40)

sky(234,168,15)
fog(247,208,119)
ground(227,218,202)
polys(217,211,180)

fadefrom(6000)
density(5)

name(The Desert- Dances with Monsters)

nlaps(3)

set(48,0,0,0)p
set(15,0,5600,0)p
set(16,0,8960,180)p
set(15,0,12320,0)p
set(15,0,17920,0)p
set(34,-1810,10000,0)p
set(34,1810,10000,0)p
fix(41,1810,14500,-3000,0)p
fix(41,-1810,14500,-3000,0)p
set(34,-1810,19000,0)p
set(34,1810,19000,0)p
set(35,0,14800,0)pr
set(15,0,23520,0)p
set(15,0,26880,0)p
set(15,0,30240,0)p
chk(40,0,33040,0)
set(17,0,34790,0)
set(15,4340,34790,90)p
set(15,6790,34790,90)p
set(15,10150,34790,90)
set(15,11270,34790,-90)p
set(15,12390,34790,90)
set(15,15750,34790,-90)
set(15,19110,34790,-90)
set(15,20230,34790,-90)

set(15,23590,34790,90)p
set(15,26950,34790,90)p
set(24,29750,34790,90)
set(34,29750,34790,-90)pr

set(24,35490,34790,-90)p
set(15,38290,34790,-90)p
set(34,35490,34790,90)
chk(40,40900,34790,90)p
set(17,42840,34790,-90)pt
set(15,42840,31200,0)p
set(15,42840,28000,0)p
set(15,42840,23520,180)p
set(15,42840,21000,180)p
set(15,42840,17920,0)p
set(17,42840,13370,180)pt
set(15,39660,13370,90)p
chk(40,39970,13370,90)
set(15,36880,13370,90)p
set(17,32620,13370,90)pt


set(15,32620,17920,0)
set(15,32620,21280,180)p
set(15,32620,24640,180)
set(15,32620,25760,0)

set(15,32620,29120,180)pr
set(24,32620,31920,180)
set(34,32620,31920,0)

set(24,32620,37660,0)
set(43,32620,40460,0)p
set(34,32620,37660,180)
set(44,32620,46060,0)p
set(17,32620,50610,-90)pt
set(15,28070,50610,-90)
chk(40,28070,50610,90)
set(17,23520,50610,0)pt
set(15,23520,46060,0)p
set(34,23520,39951,180)pr
set(15,23520,40800,180)
set(24,23520,38271,180)

fix(41,23520,30000,-3500,0)
fix(41,23520,30000,-2000,0)

set(24,23520,31309,0)
set(43,23520,30000,0)p
set(44,23520,27000,0)p
set(43,23520,23520,180)p
set(44,23520,17920,180)p
set(44,23520,14560,0)
chk(40,23520,18700,0)p
set(33,23520,18700,0)p
set(15,23520,11200,0)p
set(15,23520,5600,0)p
set(33,23520,1800,0)p
set(15,23520,0,0)p
set(15,23520,-5600,0)p
set(15,23520,-8960,180)
chk(40,23520,-9520,0)
set(17,23520,-12390,180)pt
set(15,18970,-12390,90)p
set(15,13370,-12390,90)p



chk(40,10000,-12390,90)p

set(15,10340,-10930,0)


set(15,10340,-13850,180)

set(15,8380,-10930,0)

set(15,8380,-13850,180)


set(15,7770,-12390,90)p
set(15,7770,-12390,90)


set(15,6420,-10930,0)
set(15,6420,-13850,180)


set(15,4460,-10930,0)

set(15,4460,-13850,180)


set(15,2500,-10930,0)

set(15,2500,-13850,180)


set(15,-3430,-12390,90)
chk(40,-7240,-12390,90)
set(15,-3600,-12390,90)
set(15,-700,-12390,90)
set(15,-4000,-12390,90)
set(15,-5800,-12390,90)
set(17,-10040,-12390,90)pt

set(15,-10040,-7840,180)p
set(15,-10040,-2240,0)
set(15,-10040,60,0)p
set(15,-10040,5660,0)p
set(15,-10040,11260,0)p
set(15,-10040,16860,0)p
set(15,-10040,22460,0)p
set(15,-10040,28060,0)p
set(15,-10040,33660,0)p
set(15,-10040,39260,0)p
set(16,-10040,44860,0)p
chk(40,-10040,47660,0)
set(17,-10040,49410,0)pt
set(15,-5490,49410,-90)p
set(15,-2130,49410,-90)p
set(15,1230,49410,90)p
set(35,2859,49410,-90)pr
set(35,2859,49860,-90)pr
set(35,2859,50310,-90)pr
set(35,2859,48960,-90)pr
set(35,2859,48510,-90)pr


set(15,4000,49410,90)p
set(15,9210,49410,-90)p
set(15,14810,49410,90)p
set(17,19360,49410,-90)pt
set(15,19360,44860,0)
chk(40,19360,44860,0)
set(17,19360,40310,180)pt
set(44,14810,40310,-90)p
set(43,9210,40310,-90)p
set(43,3610,40310,90)p
set(44,-1990,40310,90)p
chk(40,-3700,40310,90)p
set(17,-6540,40310,0)pt
set(15,-6540,35760,0)p
set(16,-6540,30160,0)p
set(15,-6540,24560,0)p
set(15,-6540,18960,180)p
set(16,-6540,13360,180)p
set(15,-6540,7760,180)p

set(15,-6540,7000,0)
set(15,-5400,2420,200)
set(15,-4200,-1000,20)

set(17,-3500,-4550,90)pt
chk(40,-1750,-4550,90)
set(17,0,-4550,180)pt


set(33,-10040,60,0)
set(33,-10040,5660,0)
set(33,-10040,11260,0)
set(33,-10040,16860,0)
set(33,-10040,22460,0)
set(33,-10040,28060,0)
set(33,-10040,33660,0)
set(33,-10040,39260,0)

set(35,-6140,24560,0)
set(35,-6940,18960,180)


set(15,8960,28350,90)
set(15,14560,28350,-90)
set(17,19110,28350,-90)
set(35,15700,28350,90)

set(44,19110,23800,0)
set(43,19110,18200,180)
set(43,19110,12600,0)
set(34,19110,12600,0)
set(43,19110,7000,0)
set(44,19110,1400,180)
set(17,19110,-3150,180)
set(15,14560,-3150,-90)
set(15,8960,-3150,90)
set(17,4410,-3150,90)
set(15,4410,1400,180)po
set(15,4410,7000,180)p
set(15,4410,12600,0)p
set(15,4410,18200,0)p
set(15,4410,23800,0)
set(34,4410,20000,180)
fix(41,4410,23800,-2000,0)s
set(17,4410,28350,0)p


maxl(16,-15000,-18000)
maxt(15,56400,-12600)
maxr(16,47400,-18000)
maxb(15,-20400,-12600)

