
//Desert Phantom by Shachar700

//snap(0,-7,-60)
snap(0,-27,-80)

sky(238,221,130)
fog(238,232,170)
ground(184,134,11)
polys(218,168,32)

fadefrom(6000)
density(4)
lightson()

name(Desert Phantom)
nlaps(3)
//changing laps count as cheating! 
set(48,0,0,0)p
set(15,0,5600,0)p
set(34,0,5600,0)pr


set(24,0,8400,0)p
set(15,0,22400,0)p
set(15,0,28000,0)
chk(42,0,30280,0)
set(17,0,32550,0)pt
set(15,4550,32550,90)p
fix(41,12496,32550,-500,90)
set(15,10150,32550,-90)
set(35,11128,32550,90)pr
set(15,15750,32550,-90)
set(15,21350,32550,-90)
chk(42,23624,32550,90)
set(17,25900,32550,-90)pt
set(15,25900,28000,0)p
set(44,25900,22400,0)
set(43,25900,16800,0)
set(43,25900,11200,0)
set(44,25900,5600,180)
chk(42,25900,3332,0)
set(17,25900,1050,180)pt
set(17,22400,1050,90)pt
set(44,22400,5600,180)
set(43,22400,11200,180)
set(43,22400,16800,180)
set(44,22400,22400,0)
chk(42,22400,24588,0)
set(17,22400,26950,-90)pt
set(17,18900,26950,0)pt
set(44,18900,22400,0)
set(43,18900,16800,0)

set(43,18900,11200,0)
set(44,18900,5600,180)

set(17,18900,1050,180)
chk(42,18900,3256,0)
set(17,15400,1050,90)pt
set(44,15400,5600,180)
set(43,15400,11200,180)

set(43,15400,16800,180)
set(44,15400,22400,0)

chk(42,15400,24632,0)
set(17,15400,26950,-90)pt
set(17,11900,26950,0)pt
set(44,11900,22400,0)
set(43,11900,16800,0)

set(43,11900,11200,0)
set(44,11900,5600,180)

set(17,11900,1050,180)
chk(42,11900,3252,0)
set(17,8400,1050,90)pt
set(44,8400,5600,180)
set(43,8400,11200,180)


set(43,8400,16800,180)
set(44,8400,22400,0)

chk(42,8400,24652,0)
set(17,8400,26950,-90)pt
set(17,4900,26950,0)pt
set(15,4900,22400,180)
set(15,4823,18397,180)

chk(42,4823,16844,0)
set(17,4823,13847,180)pt
set(15,273,13847,-90)p
set(17,-4277,13847,0)
set(15,-4277,9297,0)
chk(42,-4277,8616,0)
set(15,-4277,3697,0)p
set(17,-4277,-853,180)
chk(42,-6027,-853,90)
set(17,-7777,-853,90)pt
set(15,-7777,3697,180)p
set(15,-7777,9297,180)
set(15,-7777,14897,180)
set(34,-7776,11900,0)pr
set(15,-7777,20497,180)p
set(15,-7777,26097,180)p
set(15,-7777,31697,180)p
set(15,-7776,33554,0)
chk(42,-7776,34497,0)
set(17,-7776,38104,0)pt
set(15,-3226,38104,-90)p
set(15,4550,38150,-90)p
set(15,10150,38150,90)
set(15,15750,38150,-90)
set(49,12475,38150,-90)pr
set(15,21350,38150,-90)
set(49,15350,38150,90)pr
set(15,26950,38150,-90)
chk(42,27908,38150,90)
set(17,31500,38150,-90)pt
set(15,31500,33600,180)
set(15,31500,28000,180)
set(33,31500,26500,0)
set(33,31500,30200,0)pr
set(15,31500,22400,180)

set(33,31500,22375,0)pr
set(15,31500,16800,180)
set(33,31500,17850,0)pr
set(15,31500,11200,180)
set(33,31500,9575,0)
set(33,31500,13625,0)pr
set(15,31500,5600,180)

set(33,31500,5500,0)pr
set(15,31500,0,180)
chk(42,31500,-1256,0)
set(17,31500,-4550,180)pt
set(15,26950,-4550,90)p
set(15,21350,-4550,90)
set(15,15750,-4550,90)
set(49,19725,-4550,90)pr
set(15,10150,-4550,90)p
set(15,4550,-4550,90)p
set(17,0,-4550,90)
chk(42,2068,-4550,90)
set(24,0,19600,180)
set(15,-1050,38150,90)

set(52,25900,21152,180)pr
//set(52,22400,8400,0)pr
//set(52,18900,21152,180)pr
//set(52,15400,8400,0)pr
//set(52,11900,21272,180)pr
set(52,8400,8400,0)pr

set(33,22400,20000,0)pr
set(33,22400,15150,0)pr
set(33,22400,10125,0)pr
set(33,22400,5575,0)pr


set(35,11128,32550,90)pr
set(35,19350,19625,0)pr
set(35,18425,20225,0)
set(34,15400,7300,0)pr

set(49,12000,19750,180)pr









set(24,-3837,20236,180)po
set(15,-3837,23036,180)p
set(15,-3837,28636,180)p
set(33,-3837,23036,0)pr
fix(41,-3837,26036,0,0)s
set(33,-3837,26036,0)pr
set(33,-3837,29036,0)pr
set(24,-3837,31436,0)po

maxl(11,-12138,-7200)
maxb(10,-9600,-9738)
maxr(11,35861,-7200)
maxt(10,43200,-9738)



