snap(-60,-36,1)
sky(172,182,199)
fog(150,206,237)
clouds(226,225,225,8,-1140)
ground(12,100,248)
polys(0,90,238)
fadefrom(5000)
density(4)
mountains(12601)
nlaps(4)
soundtrack(aneurysm.mod,272,141)
lightson()
name(Under The Sea)

set(48,0,0,0)p
set(15,0,5600,0)
set(15,0,11200,180)
set(15,0,16800,180)p
set(15,0,22400,180)
chk(42,0,24051,0)r
set(17,0,26950,-90)pt
set(44,-4550,26950,-90)p
set(43,-10150,26950,-90)
set(33,-10262,26950,90)pr
set(43,-15750,26950,-90)
set(33,-14287,26950,90)pr
set(43,-21350,26950,-90)
set(33,-18222,26950,90)
set(33,-22099,26950,90)pr
set(43,-26950,26950,-90)
set(33,-26222,26950,90)pr
set(44,-32550,26950,90)
set(33,-30567,26950,90)pr
set(20,-38150,26950,90)p
set(10,-43750,26950,90)p
set(10,-49350,26950,90)
chk(40,-50615,26950,90)r
set(14,-53900,26950,0)pt
set(10,-53900,22400,0)
set(10,-53900,11811,0)
set(30,-53900,16291,180)pl
set(10,-53900,6211,0)p
set(14,-53900,1661,90)
chk(40,-53900,3411,0)r
set(20,-49350,1661,90)p
set(15,-43750,1661,90)
set(33,-45516,1661,90)pr
set(15,-38150,1661,90)p
set(17,-33600,1661,-90)
chk(42,-35350,1661,90)r
set(17,-33600,-1839,180)pt
set(15,-38150,-1839,-90)p
set(15,-43750,-1839,-90)p
set(20,-49350,-1839,90)p
set(14,-53900,-1839,0)
chk(40,-53900,-4009,0)r
set(10,-53900,-6389,0)p
set(10,-53900,-11989,0)p
set(14,-53900,-16539,90)pt
set(10,-49350,-16539,90)
chk(40,-51537,-16539,90)r
set(10,-43750,-16539,90)
set(29,-45062,-16539,-90)pr
set(11,-38150,-16539,90)p
set(37,-37680,-16200,180)
set(37,-38975,-16539,90)
set(12,-32520,-18059,60)p
set(37,-36420,-16840,180)
set(10,-26890,-19579,90)
set(10,-21290,-19579,90)
set(32,-24622,-19929,-90)pr
set(10,-15690,-19579,90)
chk(40,-14002,-19579,90)r
set(14,-11140,-19579,180)pt
set(10,-11140,-15029,180)p
set(10,-11140,-9429,180)p
set(14,-11140,-4879,-90)
chk(40,-11140,-6850,0)r
set(22,-13450,-4879,-90)p
set(18,-16810,-4879,-90)
set(36,-16050,-3069,0)
set(36,-18010,-6689,180)
set(36,-16050,-6689,180)
set(36,-18010,-3069,0)ph
set(18,-22410,-4879,-90)
set(36,-23110,-3069,0)
set(36,-19970,-3069,0)
set(36,-21930,-6689,180)
set(36,-19970,-6689,180)
set(36,-23110,-6689,180)ph
set(36,-21930,-3069,0)
set(22,-25770,-4879,90)
chk(40,-26330,-4879,90)r
set(14,-28080,-4879,90)pt
set(10,-28080,-329,0)p
set(14,-28080,4221,0)
chk(40,-26330,4221,90)r
set(13,-23500,5741,120)p
set(10,-17870,7261,90)
set(26,-16520,7261,-90)pr
fix(41,-14070,7261,-1260,90)
set(11,-12270,7261,90)p
set(37,-12149,7465,90)
set(37,-13931,7465,90)
set(37,-13086,7040,90)
set(10,-8050,7261,90)p
set(37,-11164,7040,90)
set(37,-10170,7465,90)
set(14,-3500,7261,-90)
set(34,0,7788,0)pr
chk(40,-5250,7261,90)r
set(20,-3500,2711,0)p
set(15,-3500,-2889,0)
set(15,-3500,-5600,0)
set(33,-3500,-3500,0)pr
set(17,-3500,-10150,90)
chk(42,-1750,-10150,90)r
set(17,0,-10150,180)pt
set(15,0,-5600,0)p

maxl(11,-58335,-20178)
maxb(13,-22578,-55935)
maxr(11,4064,-20178)
maxt(13,30221,-55935)
