snap(0,0,0)
sky(144,213,255)
fog(238,245,166)
ground(204,83,33)
polys(244,104,44)
fadefrom(5000)
density(5)
nlaps(1)
soundtrack(radix_-_sunrise,270,115)
name(Race On Sunrise II)

set(47,0,0,0)p
set(10,0,5600,0)p
set(10,0,11200,0)
set(10,0,21128,180)
set(29,0,16164,0)pr
set(10,0,26522,180)
set(10,0,32122,180)p
set(14,0,36672,0)
chk(40,0,35125,0)r
set(10,4550,36672,90)p
set(10,10150,36672,90)
set(10,15750,36672,90)
chk(40,17975,36672,90)r
set(14,20300,36672,-90)pt
set(10,20300,32122,0)p
set(10,20300,26522,0)
set(10,20300,16594,0)
set(28,20300,21558,0)pr
set(10,20300,10994,0)p
set(14,20250,6642,180)
chk(40,20250,8392,0)r
set(12,15670,8162,-120)p
set(10,10040,9682,90)
set(14,5490,9682,90)
chk(40,7500,9682,90)r
set(10,5490,14232,180)p
set(10,5490,19832,180)
set(23,5490,25958,180)
set(10,9835,31085,180)p
set(10,9835,36685,180)
set(14,9835,41235,0)pt
set(10,14385,41235,90)p
set(10,17588,41250,-90)p
set(10,23188,41250,-90)p
set(14,27738,41250,-90)pt
set(23,27738,39500,0)p
set(10,30867,43875,0)p
set(14,30867,48425,-90)pt
set(10,26317,48425,-90)p
set(10,20717,48425,-90)p
set(10,15117,48425,-90)p
set(10,9517,48425,-90)
set(14,27738,-14220,180)pt
set(10,23188,-14220,90)p
set(10,17588,-14220,90)p
set(14,13038,-14220,0)pt
set(10,13038,-18770,180)p
set(10,13038,-24370,180)p
set(14,13038,-28920,180)
set(10,8488,-28920,-90)
set(10,2888,-28920,-90)p
set(10,-2712,-28920,90)
set(10,-8312,-28920,90)
set(26,-4461,-28920,-90)pr
set(14,-12862,-28920,90)pt
set(10,-12862,-24370,180)p
set(10,-12862,-18770,180)p
set(20,-12862,-13170,180)p
set(17,-12862,-8620,0)pt
set(15,-8312,-8620,-90)
set(24,-5512,-8620,-90)
set(15,-8278,-5120,90)
set(17,-12828,-5120,90)pt
set(15,-12828,-570,0)p
set(15,-12828,5030,0)p
set(15,-12828,10630,0)
set(15,-12828,16230,0)
set(34,-12828,13430,0)pr
set(17,-12828,20780,0)pt
set(15,-8278,20780,-90)p
set(17,-3728,20780,180)pt
set(15,-3728,25330,0)p
set(15,-3728,30930,0)p
set(20,-3728,36530,0)p
set(14,-3728,41080,0)pt
set(13,852,42600,-60)
set(14,5432,44120,-90)pt
set(23,5490,42570,0)
chk(40,5490,42570,0)r
set(10,2100,48425,90)
set(10,-3500,48425,90)
set(29,225,48425,90)
set(29,4553,48425,-90)pr
set(14,-8050,48425,0)pt
set(10,-8050,43875,180)p
set(10,-8050,38275,180)
chk(40,-3728,39330,0)r
set(14,-8050,33725,180)pt
set(13,-12630,32205,120)p
set(14,-17210,30685,0)pt
set(12,-18730,26105,-30)p
set(10,-20250,20475,180)p
set(14,-20250,15925,90)pt
set(23,-18500,15925,90)p
set(14,-8075,15925,-90)
set(10,-8075,11375,180)
set(36,-6265,11272,-90)ph
set(10,-8075,5775,180)
set(36,-6265,9312,-90)
set(36,-6265,7352,-90)ph
set(14,-8075,1225,90)pt
set(23,-6325,1225,90)p
set(24,-5478,-5120,-90)
set(34,-6530,-5120,90)
set(34,-6625,-8620,90)pr
set(10,27738,-9670,180)
set(10,27738,-4070,180)
set(36,29548,-3930,-90)
set(36,29548,-5890,-90)
set(36,29548,-7850,-90)
set(10,27738,1530,180)
set(10,27738,7130,180)
set(23,27738,10925,180)
set(31,27738,10572,0)
set(14,30867,16925,180)
set(10,30867,21475,180)
set(10,30867,27075,180)
set(38,30867,27150,180)
set(37,30717,27150,180)
set(37,31017,27150,180)
set(10,30867,32675,180)
set(38,30867,32150,180)
set(37,30717,32150,180)
set(37,31017,32150,180)
set(10,30867,38275,0)
set(26,30867,37150,180)
set(10,26317,16925,-90)
set(23,24050,16925,-90)
set(23,17000,16925,90)
set(14,15250,16925,0)
set(14,15250,13425,180)
set(14,11750,13425,0)
set(32,11475,11950,180)
set(32,11638,11950,180)
set(32,12100,11950,180)pr
set(13,11355,19855,210)
set(10,9835,25485,180)
set(31,5490,25772,0)pr
set(23,12875,17025,0)
set(27,12875,16200,180)
set(14,11675,5950,180)
set(14,8175,5950,0)
set(23,8175,4700,0)
set(10,8325,1225,-90)
set(14,12875,1225,180)
set(23,12875,2975,180)
set(23,8175,-750,0)
set(23,8175,-2050,180)
set(15,7778,-5120,90)
set(26,8175,-1350,180)
set(15,13378,-5120,90)
set(15,18978,-5120,90)
set(17,23528,-5120,-90)
set(17,23528,-8620,180)
set(15,18978,-8620,-90)
set(15,13378,-8620,-90)
set(15,7778,-8620,-90)
set(24,4978,-8620,90)
set(24,4978,-5120,90)
set(34,6137,-5120,90)
set(34,6137,-8620,90)
set(23,5525,1225,-90)
set(32,4450,1075,90)
set(32,4450,1325,90)
set(23,-9275,15925,-90)
chk(42,-12828,19030,0)r
set(23,8175,-15750,180)
fix(41,0,-6870,-1600,90)
set(10,0,-5600,180)
chk(42,-12828,-3100,0)r
set(10,0,-11200,180)
set(14,8175,-17500,180)
chk(42,20925,-5120,90)r
set(10,4350,-17500,-90)
set(36,5157,-19310,180)
set(14,0,-17500,90)
set(36,3197,-19310,180)
set(10,0,-12950,180)
chk(42,-12828,-10370,0)r
chk(40,-12828,-27170,0)r
chk(40,10900,-28920,90)r
set(28,9835,36672,90)
set(28,9835,36672,0)pr
chk(40,25475,-14220,90)r
chk(40,27738,39500,0)r
chk(40,11350,41250,90)r
chk(40,9835,23250,0)r
chk(40,12875,2975,0)r
chk(40,-5850,1225,90)r
chk(40,-10025,15925,90)r
set(32,-10025,16275,90)
set(32,-10025,15875,90)
set(32,-10025,15575,90)pr
chk(40,-18500,15925,90)r
chk(40,-9800,33725,90)r
chk(40,-8075,46675,0)r
chk(40,29117,48425,90)r
chk(40,30867,18275,0)r
chk(40,16725,16925,90)r
chk(40,11675,7250,0)r
chk(40,8175,-14850,0)r

maxl(19,-28292,-33448)
maxb(14,-35848,-25892)
maxr(19,38909,-33448)
maxt(14,55353,-25892)
