snap(-60,-15,-8)
sky(191,191,191)
fog(183,215,214)
clouds(191,96,96,8,-1140)
ground(234,234,234)
polys(211,211,211)
fadefrom(3020)
density(3)
mountains(1775)
nlaps(3)
soundtrack(logical_move_4-01.mod,106,33)
lightson()
name(Mean Machine's Death Chamber)

set(47,0,0,0)p
set(10,0,5600,0)
set(10,0,11200,0)
set(26,0,9148,180)
set(26,0,7950,0)pr
set(10,0,16800,0)p
set(10,0,22400,0)p
set(10,0,28000,0)
chk(40,0,29390,0)r
set(14,0,32550,0)pt
set(10,4550,32550,90)
set(10,10150,32550,90)
set(10,15750,32550,90)
set(30,11270,32550,-90)
set(30,14630,32550,90)pl
set(10,21350,32550,90)p
set(37,21075,32550,-90)
set(38,21050,32550,90)
set(37,19095,32550,90)
set(38,19050,32550,90)
set(38,20050,32550,90)
set(37,20051,32550,-90)
set(38,22050,32550,90)
set(37,22080,32550,90)
set(22,24710,32550,90)p
set(37,23060,32550,90)
set(38,23050,32550,90)
set(22,25830,32550,-90)p
set(12,29220,31030,-120)p
set(14,33800,29510,-90)
chk(40,32050,29510,90)r
set(22,33800,27200,0)p
set(18,33800,23840,0)p
set(36,35610,23590,-90)
set(36,35610,25345,-90)
set(22,33800,20480,180)p
set(36,35610,22420,-90)
set(14,33800,18170,180)pt
set(10,29250,18170,-90)
chk(40,29220,18170,90)r
set(14,24700,18170,0)pt
set(20,24700,13620,0)p
set(15,24700,8020,0)
set(15,24700,2420,0)
set(34,24700,5220,180)pr
set(15,24700,-3180,0)p
set(16,24700,-8780,0)
set(15,24700,-14380,180)p
set(17,24700,-18930,180)
chk(42,24700,-17180,0)r
set(15,20150,-18930,-90)p
set(17,15600,-18930,90)pt
set(44,15600,-14380,180)
set(43,15600,-8780,180)
set(35,15228,-10552,0)pr
set(43,15600,-3180,180)
set(43,15600,2420,180)
set(35,15228,1476,0)pr
set(43,15600,8020,180)
set(43,15600,13620,180)
set(44,15600,19220,0)p
set(17,15600,23770,0)
chk(42,17350,23770,90)r
set(17,19100,23770,-90)pt
set(20,19100,19220,180)p
set(10,19100,13620,180)
set(32,19450,12820,180)
set(32,18750,14350,180)pr
fix(41,19100,9908,-900,0)
set(10,19100,8020,180)
set(32,19110,11280,180)
set(35,15956,7144,0)pr
set(10,19100,2420,180)p
set(10,19100,-3180,180)
set(35,15956,-4328,0)pr
set(23,19100,-10969,0)
set(31,19100,-9289,180)pr
set(23,19100,-27798,180)p
set(10,19100,-30598,180)p
set(14,19100,-35009,180)
chk(40,19100,-33040,0)r
set(10,14550,-35009,90)p
set(10,13190,-35009,90)p
set(14,8640,-35009,90)
chk(40,10390,-35009,90)r
set(22,8640,-32699,180)p
set(18,8640,-29339,180)
set(36,6830,-29638,90)ph
set(18,8640,-23739,180)
set(36,6830,-25718,90)
set(36,6830,-27678,90)
set(36,6830,-23758,90)ph
set(22,8640,-20379,0)p
set(13,7120,-16989,30)p
set(10,5600,-11359,0)
chk(40,5600,-10355,0)r
set(10,5600,-1431,180)
set(29,5600,-6395,0)pr
set(10,5600,4169,180)p
set(10,5600,9769,180)p
set(10,5600,15369,0)p
set(10,5600,20969,0)
set(23,5600,23769,180)
set(27,5600,24352,0)pr
set(23,5600,36330,0)
set(10,5600,41919,0)
set(30,5600,38010,540)pl
set(10,5600,47519,0)p
set(14,5600,52069,-90)
chk(40,5600,50319,0)r
set(10,1050,52069,90)p
set(10,-4550,52069,90)p
set(14,-9100,52069,0)
chk(40,-9100,50100,0)r
set(10,-9100,47519,0)
set(33,-9100,46369,180)pr
set(10,-9100,41919,0)
set(33,-9100,42500,180)pr
set(10,-9100,36319,0)
set(33,-9100,38770,180)pr
set(10,-9100,19399,0)
set(13,-10620,25029,30)
chk(40,-12140,27859,0)r
set(12,-10620,30689,-30)p
set(23,-9100,16599,0)
set(28,-9100,17615,180)pr
set(10,-9100,0,180)
set(38,-9100,-724,0)
set(14,-9100,-4550,90)
set(38,-9100,-1724,0)
chk(40,-9100,-2800,0)r
set(10,-4550,-4550,-90)p
set(14,0,-4550,180)pt
set(23,-9100,2800,180)
set(32,-8750,1916,180)
set(32,-9450,768,180)pr

maxl(20,-14881,-37070)
maxb(11,-39470,-12481)
maxr(20,37919,-37070)
maxt(11,56530,-12481)
