snap(-60,-30,20)
sky(125,125,225)
fog(255,255,255)
ground(0,0,255)
polys(0,128,255)
fadefrom(5000)
density(8)
mountains(28438)
nlaps(3)
soundtrack(escape_from_earth,431,69)
name(Escape From Alcatraz)
lightson()

set(47,0,0,0)p
set(10,0,5600,0)
set(26,0,5600,0)pr
set(10,0,11200,0)
set(10,0,16800,0)
set(30,0,11200,180)p
set(14,0,21350,0)
chk(40,0,19600,0)r
set(10,4550,21350,90)p
set(10,10150,21350,90)
set(23,12950,21350,90)
set(28,11275,21350,90)pr
set(23,26100,21350,-90)p
set(10,28900,21350,-90)
chk(40,30800,21350,90)r
set(14,33450,21350,180)pt
set(10,33450,25900,180)p
set(22,33450,29260,180)
chk(40,33450,29525,0)r
set(19,33450,31570,-90)pt
set(18,28900,31570,-90)p
set(18,23300,31570,-90)
set(36,23570,33380,0)ph
set(18,17700,31570,-90)p
set(36,21850,33380,0)
set(36,19890,33380,0)
set(18,12100,31570,90)p
set(18,9100,31600,-90)
set(19,4550,31600,0)pt
set(22,4550,29290,180)p
set(22,4575,28635,180)
chk(40,4575,28730,0)r
set(14,4575,26325,90)pt
set(10,9125,26325,-90)
set(36,6725,29055,90)ph
set(10,14725,26325,-90)
chk(40,15504,26325,90)r
set(14,19275,26325,-90)pt
set(10,19275,21775,0)p
set(10,19275,16175,180)
set(27,19275,17650,180)pr
set(10,19275,10575,180)p
set(37,19375,13050,0)
set(37,19175,12050,0)
set(37,19375,11050,0)
set(37,19175,10050,0)
set(37,19375,9050,0)
set(10,19275,4975,180)p
set(37,19175,4050,0)
set(37,19375,5050,0)
set(37,19175,6050,0)
set(37,19375,7050,0)
set(37,19175,8050,0)
set(10,19275,-625,180)p
set(37,19175,2050,0)
set(37,19375,3050,0)
set(10,19275,-6225,180)p
set(14,19275,-10775,90)
chk(40,19275,-9025,0)r
set(20,23825,-10775,90)p
set(15,29425,-10775,90)
chk(42,31240,-10775,90)r
set(17,33975,-10775,180)pt
set(15,33975,-6225,180)p
fix(41,34698,1756,-1000,0)
set(44,33975,-625,180)
set(35,34698,98,180)pr
set(44,33975,4975,0)p
set(15,33975,10575,180)p
set(17,33975,15125,-90)
chk(42,33975,13020,0)r
set(20,29425,15125,90)p
set(23,26200,15125,-90)
set(32,25004,15180,90)
set(32,25000,15475,90)
set(32,25000,14775,90)pr
set(23,12975,15125,90)p
set(10,10175,15125,90)p
set(14,5625,15125,0)
chk(40,7375,15125,90)r
set(10,5625,10575,0)p
set(13,7145,4945,30)p
fix(41,8665,2115,0,360)
set(14,8665,365,180)pt
set(14,5165,365,0)
chk(40,5165,-1385,0)r
set(14,5165,-3135,90)pt
set(10,9715,-3135,90)p
set(14,14265,-3135,-90)
chk(40,12515,-3086,90)r
set(10,14265,-7685,0)p
set(10,14275,-11170,0)p
set(14,14275,-15720,90)
chk(40,14275,-14086,0)r
set(10,18825,-15720,90)
chk(40,21625,-15720,90)r
set(10,35745,-15720,-90)
set(13,30115,-17240,-60)p
set(12,24455,-17240,-120)p
set(13,30110,-18920,120)
chk(40,27285,-18760,90)r
set(12,24450,-18920,60)p
set(10,18820,-17400,90)p
set(10,16945,-17400,90)p
set(14,12605,-17390,90)pt
set(10,12605,-12840,180)p
set(10,12567,-9390,0)p
set(14,12567,-4840,-90)pt
set(10,8017,-4840,90)p
set(10,4554,-4836,90)p
set(14,4,-4836,90)pt
set(22,4,-2526,0)p
set(23,5165,3260,0)
set(23,5165,1936,180)
set(38,5165,3112,0)
set(38,5165,2436,0)
set(38,5165,2112,0)
set(38,5165,2760,0)
set(10,35740,-17400,-90)
set(36,38949,-15862,-90)
set(36,38949,-17248,-90)ph
chk(40,32945,-15720,90)r
set(22,26760,15125,90)
chk(40,37844,-15720,90)r
chk(40,32940,-17400,90)r
chk(40,27280,-20440,90)r
chk(40,21620,-17400,90)r
chk(40,14145,-17390,90)r
chk(40,12567,-6590,0)r
chk(40,1754,-4836,90)r
set(32,21762,35409,90)
set(36,2525,29055,-90)

maxl(13,-5362,-22546)
maxb(10,-24946,-2962)
maxr(13,42637,-22546)
maxt(10,37454,-2962)
