
//snap(-5,-5,-5)

//sky(141,141,141)
//fog(0,0,0)
//ground(214,43,43)
//polys(163,0,0)

//fadefrom(5000)
//density(5)

nlaps(3)
//changing laps count as cheating! 
snap(-70,-40,-70)


sky(0,128,128)
fog(0,213,213)
ground(5,88,62)
polys(4,68,48)

fadefrom(7000)

density(4)
lightson()

name(Swampy Forest)

set(47,0,0,0)p
set(32,0,2800,0)
set(32,400,3800,0)
set(32,-400,3800,0)
set(10,0,5600,0)p
set(10,0,11200,0)p
set(10,0,16000,0)p
set(31,0,20109,0)pr
set(23,0,21789,180)p

fix(41,0,29389,-4975,0)s

set(24,0,30800,180)p
set(15,0,33600,0)p
set(15,0,39200,0)p
set(15,0,44800,0)p
set(15,0,50400,0)
chk(42,0,47600,0)
set(17,0,54950,0)pt
set(44,4550,54950,90)p
set(43,10150,54950,90)p
set(43,15750,54950,90)p
set(35,14800,55450,90)
set(35,16400,54450,-90)pr
set(43,21350,54950,90)p
set(43,26950,54950,-90)p
set(44,32550,54950,-90)

----
chk(42,32000,54950,90)
set(17,37100,54950,180)pt
set(17,37100,58450,-90)pt
set(44,32550,58450,-90)p
set(43,26950,58450,-90)
set(34,25950,58450,90)pr
set(43,21350,58450,-90)
set(34,18550,58450,90)
set(43,15750,58450,-90)
set(35,16400,54450,-90)pr
set(35,14800,55450,90)
set(43,10150,58450,-90)
set(44,4550,58450,90)
chk(42,4072,58450,90)r
set(17,0,58450,90)pt
set(17,0,61950,0)pt
set(21,4550,61950,-90)

set(18,10150,61950,-90)p
set(36,8808,63760,0)
set(36,6848,63760,0)ph
set(36,10768,63760,0)
set(33,11560,61950,90)pr
set(18,15750,61950,-90)p
set(36,12540,63760,0)
set(36,14500,63760,0)ph
set(36,16460,63760,0)
set(36,18420,63760,0)ph
set(36,20380,63760,0)
set(18,21350,61950,-90)p
set(36,22340,63760,0)
set(33,19000,61950,90)pr
set(18,26950,61950,-90)
set(36,27850,63760,0)
set(36,24300,63760,0)
set(36,26100,63760,0)
set(33,27080,61950,90)
set(36,29810,63760,0)ph
set(21,32550,61950,90)p
set(15,38150,61950,-90)p
chk(42,39300,61950,90)
set(17,42700,61950,-90)pt

set(15,42700,57400,0)p
set(15,42700,51800,180)p
set(16,42700,46200,180)
chk(42,42700,43400,0)
set(15,42700,40600,180)p
set(20,42700,35000,180)p
set(12,41180,29370,-30)
set(23,39660,26540,0)
set(32,40010,25675,180)pr
set(32,39310,25325,0)pr
set(23,40140,21849,180)
set(32,40490,23100,180)pr
set(12,38620,19019,-30)
set(32,39790,22775,0)pr
set(10,37100,13389,0)
set(37,36500,14289,90)
set(37,36500,14289,0)
set(37,37700,15289,90)
set(37,37700,15289,0)
chk(40,37100,16189,0)
set(10,37100,7789,0)p
set(10,37100,2189,0)
chk(40,37100,2820,0)
set(14,37100,-2361,180)pt
set(10,32550,-2361,90)p
set(10,26950,-2361,90)
chk(40,27640,-2361,90)
set(14,22400,-2361,90)pt
set(13,20880,2219,30)p
set(11,19360,7849,0)
chk(40,19360,5049,0)
set(12,20880,13479,-30)
chk(40,20880,13479,-30)
set(13,17840,13479,30)p
set(10,16320,19109,0)p
set(38,16320,19275,180)
set(38,16320,17275,180)
set(38,16320,18275,180)
set(10,16320,24709,0)
set(10,16320,30309,0)
set(28,16320,28350,180)pr
set(12,17840,35939,-30)p
set(13,20880,35939,30)
chk(40,20880,35939,30)
set(11,19360,41569,180)
chk(40,17840,35939,-30)
set(11,19360,47169,0)
set(23,19360,49969,180)
set(23,19360,67580,0)
set(23,19360,70220,180)
set(20,16720,70400,180)
set(15,16720,76000,0)
set(24,16720,78800,0)
set(34,16720,77650,0)pr
set(10,16720,96800,0)p
set(14,16720,101350,-90)pt
set(13,12130,99839,-60)p
set(10,6490,98328,90)p
set(37,9144,98092,180)
set(37,9144,98092,-90)
set(14,1940,98328,0)pt
set(10,1940,93778,0)p
set(38,1940,96078,180)
set(38,1940,95078,180)
set(10,1940,90950,0)p
set(38,1940,90078,180)
set(38,1940,92078,180)
set(38,1940,94078,180)
set(38,1940,93078,180)
set(38,1940,91078,180)
set(14,1940,86400,90)pt
set(10,6490,86400,90)p
set(10,11120,86400,90)
set(23,13920,86400,90)
set(30,13020,86400,-90)pl
set(10,22320,86400,90)
set(14,26870,86400,180)pt
set(10,26870,90950,0)p
set(10,26870,96550,0)p
set(10,26870,100500,0)p
set(14,26870,105050,0)pt
set(10,31420,105050,90)
set(23,34220,105050,90)
set(28,33575,105050,90)pr
set(23,44416,105050,-90)p
set(10,47216,105050,-90)p
set(23,50016,105050,90)p
set(10,64050,105050,90)
set(10,69650,105050,-90)
set(10,75250,105050,-90)p
set(14,79800,105050,-90)pt
set(10,79800,100500,0)p
set(14,79800,95950,180)pt
set(10,75250,95950,90)p
set(10,69650,95950,-90)
set(23,62861,95950,-90)
set(31,63541,95950,90)pr
set(23,56139,95950,90)
set(10,49350,95950,90)
set(31,55459,95950,-90)pr
set(10,43750,95950,90)p
set(10,38150,95950,-90)p
set(14,33600,95950,0)pt
set(14,33600,92950,90)pt
set(10,38150,92950,90)p
set(10,43750,92950,90)p
set(14,48300,92950,-90)pt
set(13,49811,88360,30)p
set(10,51322,82720,0)p
set(10,51322,77120,0)p
set(10,51322,71520,0)
set(23,51322,65731,0)
set(31,51322,67411,180)pr
set(23,51322,37840,180)p
set(10,51322,35040,180)p
set(10,51322,29440,180)p
set(10,51322,23840,180)p
set(23,51322,21040,0)p
set(23,51322,-2800,180)p
set(14,51322,-4550,180)pt
set(23,49572,-4550,-90)p
set(23,27632,-4550,90)
set(23,1750,-4550,90)p
set(14,0,-4550,90)pt
set(23,22400,49650,180)
set(10,22400,30309,0)
set(38,22400,30550,180)
set(38,22400,31550,180)
set(38,22400,29550,180)
set(10,22400,24709,0)
set(10,22400,19109,0)
set(28,22400,19550,180)
chk(40,17840,13479,30)r
set(23,16320,49500,180)
set(23,16320,51100,0)
set(26,16320,50300,0)
set(23,22400,51175,0)
set(26,22400,50250,0)
set(31,19360,49493,0)pr
set(23,61250,105050,-90)
set(30,65350,105050,-90)pl
set(23,19520,86400,-90)
set(30,20356,86400,90)pl
set(23,16720,94000,0)
set(23,16720,67600,0)
set(30,19360,68108,180)pl
set(23,27632,-4550,-90)
set(26,27632,-4550,90)pr
chk(40,20880,13479,-30)
chk(40,20880,35939,30)
chk(40,16720,98980,0)
chk(40,1940,93072,0)
chk(40,26870,90584,0)
chk(40,33680,105050,90)
chk(40,77250,105050,90)
chk(40,35325,95950,90)
chk(40,46525,92950,90)
chk(40,51322,-2250,0)
chk(40,1750,-4550,90)

fix(31,51322,61411,-2750,180)
fix(31,51322,57411,-3000,180)
fix(31,51322,53411,-4250,180)

maxl(24,-5000,-5000)
maxt(18,107800,-2600)
maxr(24,81400,-5000)
maxb(18,-7400,-2600)
