snap(-65,0,50)
//snap(0,30,50)

sky(120,50,110)
fog(70,0,60)
ground(50,80,70)
polys(40,70,60)

fadefrom(3500)
density(7)
lightson()

name(Deadman Wonderland)

nlaps(4)

set(38,0,11400,0)
set(37,150,11400,0)
set(37,-150,11400,0)

set(38,0,13400,0)
set(37,150,13400,0)
set(37,-150,13400,0)

set(38,0,15400,0)
set(37,150,15400,0)
set(37,-150,15400,0)

//

set(37,-10150,43970,90)
set(37,-11550,43870,0)
set(37,-12950,43770,90)

set(37,-14350,43870,0)

set(37,-15750,43970,90)
set(37,-17150,43870,0)
set(37,-18550,43770,90)

set(37,-19950,43870,0)

set(37,-21350,43970,90)
set(37,-22750,43870,0)
set(37,-24150,43770,90)

//

set(37,-16400,28000,90)
set(37,-17200,25200,90)
set(37,-16400,22400,90)
set(37,-17200,19600,90)
set(37,-16400,16800,90)
set(37,-17200,14000,90)
set(37,-16400,11200,90)

//

set(37,-26950,-4150,0)
set(37,-21350,-4150,0)
set(37,-15750,-4150,0)
set(37,-10150,-4150,0)
set(37,-4550,-4150,0)

set(37,-24150,-4950,0)
set(37,-18550,-4950,0)
set(37,-12950,-4950,0)
set(37,-7350,-4950,0)


set(47,0,0,0)p
set(10,0,5600,0)p
set(30,0,8400,0)pr

set(10,0,11200,0)p
set(10,0,16800,0)p
set(30,0,18400,180)pr
set(10,0,22400,0)p
set(10,0,28000,0)p
set(13,-1520,33630,30)p
chk(40,-3040,36460,0)
set(12,-1520,39290,-30)p
chk(40,0,42120,0)
set(14,0,43870,-90)pt
set(10,-4550,43870,90)pr
set(33,-7350,43870,90)p

set(36,-10150,45670,0)
set(36,-11950,45670,0)
set(36,-13750,45670,0)
set(36,-15550,45670,0)
set(36,-17350,45670,0)

set(36,-14150,42070,180)
set(36,-15950,42070,180)
set(36,-17750,42070,180)
set(36,-19550,42070,180)
set(36,-21350,42070,180)

set(18,-10150,43870,90)p
set(18,-15750,43870,90)p
set(18,-21350,43870,90)p

set(18,-26950,43870,90)p
chk(40,-29750,43870,90)
set(14,-31500,43870,90)pt
set(10,-31500,48420,0)p
set(10,-31500,54020,0)p
chk(40,-31500,54020,0)
set(13,-33020,59650,30)p
chk(40,-34540,62480,0)
set(12,-33020,65310,-30)p
chk(40,-31500,68140,0)
set(13,-33020,70970,30)p
chk(40,-34540,73800,0)
set(12,-33020,76630,-30)p
set(10,-31500,82260,0)p
set(10,-31500,87860,0)p
chk(40,-31500,90660,0)
set(14,-31500,92410,0)pt
set(10,-26950,92410,90)p
set(10,-21350,92410,90)p
set(14,-16800,92410,-90)pt
chk(40,-16800,90660,0)

//1st right barriers

set(13,-15280,87830,30)
set(10,-13760,82200,0)
set(10,-13760,76600,0)
set(10,-13760,71000,0)
set(12,-15280,65370,-30)

set(37,-13760,82200,0)
set(37,-13760,76600,0)
set(37,-13760,71000,0)

set(38,-13760,68200,0)
set(38,-13760,73800,0)
set(38,-13760,79400,0)
set(38,-13760,85000,0)

//1st left barriers

set(12,-18320,87830,-30)
set(10,-19840,82200,0)
set(10,-19840,76600,0)
set(10,-19840,71000,0)
set(13,-18320,65370,30)

set(37,-19840,82200,0)
set(37,-19840,76600,0)
set(37,-19840,71000,0)

set(38,-19840,68200,0)
set(38,-19840,73800,0)
set(38,-19840,79400,0)
set(38,-19840,85000,0)

//1st centre barriers

set(23,-16800,82200,180)p
set(10,-16800,79400,0)p
set(30,-16800,78100,180)pr

fix(41,-16800,76600,-1450,0)s

set(30,-16800,75100,0)pr
set(10,-16800,73800,0)p
set(23,-16800,71000,0)p

//

set(10,-16800,59740,0)p
set(10,-16800,54140,0)p
set(32,-16400,51340,180)
set(32,-16800,51340,180)pr
set(32,-17200,51340,180)
set(23,-16800,51340,0)p

[=End Of Part 1=]

set(23,-16800,36400,180)p
set(32,-16400,36400,0)
set(32,-16800,36400,0)pr
set(32,-17200,36400,0)
set(10,-16800,33600,0)p
set(11,-16800,28000,0)p
set(11,-16800,22400,0)p
set(11,-16800,16800,0)p
set(11,-16800,11200,0)p
set(14,-16800,6650,180)pt

chk(40,-18550,6650,90)

set(14,-20300,6650,90)pt
set(20,-20300,11200,180)p
set(34,-20300,16800,0)pr
set(15,-20300,16800,0)p
set(15,-20300,22400,0)p
set(17,-20300,26950,-90)pt
set(44,-24850,26950,-90)p
set(33,-24850,26950,90)
chk(42,-27650,26950,90)
set(33,-30450,26950,90)
set(44,-30450,26950,90)p
set(17,-35000,26950,0)pt
set(44,-35000,22400,0)p
set(33,-35000,19600,0)pr
set(43,-35000,16800,0)p
set(33,-35000,14000,0)pr
set(43,-35000,11200,0)p
set(33,-35000,8400,0)pr
set(44,-35000,5600,180)p
set(20,-35000,0,180)p
chk(40,-35000,-2800,0)

set(14,-35000,-4550,90)pt
set(10,-30450,-4550,90)p
set(28,-29750,-4550,90)pr
set(11,-26950,-4550,90)p
set(11,-21350,-4550,90)p
set(11,-15750,-4550,90)p
set(11,-10150,-4550,90)p
set(11,-4550,-4550,90)p
chk(40,-1750,-4550,90)
set(14,0,-4550,180)pt

maxr(27,14000,-14000)
maxb(12,-14400,-39200)
maxl(27,-39200,-14000)
maxt(12,95800,-39200)