
snap(30,10,-3)

sky(141,76,76)
fog(200,177,188)
ground(156,100,82)
polys(170,112,76)

fadefrom(5000)
density(5)

nlaps(3)
name(Chapel O' Love)

set(47,0,0,0)p
set(10,0,5600,0)p
set(10,0,11200,0)p
set(28,0,11200,0)pr
set(10,0,16800,0)p
set(10,0,22400,0)p
set(32,300,22900,0)p
set(32,-300,21900,0)p
set(10,0,28000,0)p
set(14,0,32550,0)pt
chk(40,0,30800,0)
set(10,4550,32550,90)p
set(31,7350,32550,-90)pr
set(10,10150,32550,90)p
set(20,15750,32550,90)p
set(15,21350,32550,90)p
set(15,26950,32550,90)p
set(15,32550,32550,90)p
set(15,38150,32550,90)pt
chk(42,39650,32550,90)
set(17,42700,32550,-90)pt
set(15,42700,28000,0)p
set(33,42700,28000,0)pr
set(33,42700,20000,0)pr
set(15,42700,22400,0)p
set(15,42700,16800,0)p
chk(42,42700,14850,0)
set(17,42700,12250,180)pt
set(15,38150,12250,-90)p
set(33,38150,12950,0)pr
set(33,38150,12250,0)pr
set(33,38150,11550,0)pr

set(33,36650,12950,0)pr
set(33,36650,12250,0)pr
set(33,36650,11550,0)pr

set(33,35150,12950,0)pr
set(33,35150,12250,0)pr
set(33,35150,11550,0)pr

set(33,33650,12950,0)pr
set(33,33650,12250,0)pr
set(33,33650,11550,0)pr

set(33,32150,12950,0)pr
set(33,32150,12250,0)pr
set(33,32150,11550,0)pr

set(15,32550,12250,-90)p
set(15,26950,12250,-90)p
chk(42,25375,12250,90)
set(17,22400,12250,90)pt
set(20,22400,16800,0)p
set(32,20380,22430,0)pr
set(32,20080,22430,0)pr
fix(41,20220,24430,-700,0)s

set(13,20880,22430,30)p
set(14,19360,27010,-90)pt
set(10,14810,27010,-90)p
chk(40,16975,27010,90)
set(10,9210,27010,-90)p
set(30,5605,27010,90)pr
set(23,3925,27010,-90)p



set(23,-3925,27010,90)p
set(30,-5605,27010,-90)pr
set(10,-6775,27010,90)p
set(10,-12375,27010,90)p
set(12,-18005,28530,60)p
set(14,-22585,30050,90)pt
chk(40,-20835,30050,90)
set(10,-22585,34600,180)p
set(36,-24310,36600,180)ph
set(37,-24310,34600,0)
fix(41,-24310,34600,-1300,0)s
set(37,-24310,34600,90)
set(36,-24310,32600,0)ph
set(14,-22585,39150,-90)pt
chk(40,-22585,37725,0)
set(14,-26085,39150,0)pt
set(10,-26085,34600,180)p
set(12,-27605,28970,150)p
set(22,-29125,25580,0)p
set(18,-29125,22220,0)p
set(36,-26520,20400,-90)
set(36,-26520,24040,-90)
set(36,-31675,22080,90)
set(36,-31675,24040,90)
set(36,-31675,20400,90)
set(36,-26520,22080,-90)ph
set(25,-28400,22360,90)p
set(25,-30600,24040,90)p
set(25,-30600,22080,90)p
set(25,-28400,24040,90)p
set(22,-29125,18860,180)p
set(25,-30600,20400,90)p
set(25,-28400,20400,90)p
chk(40,-29125,18025,0)
set(14,-29125,16550,90)pt
set(10,-24575,16550,90)p
set(27,-24575,16550,-90)pr
set(10,-18975,16550,90)p
set(37,-22575,16700,90)
set(37,-21575,16400,90)
set(37,-20575,16700,90)
set(37,-19575,16400,90)
set(37,-18575,16700,90)
set(37,-17575,16400,90)
set(27,-15575,16550,90)pr
set(10,-13375,16550,90)p
set(14,-8825,16550,-90)pt
chk(40,-10575,16550,90)
set(10,-8825,12000,0)p
set(45,-8825,5891,180)p
set(46,-8825,1411,180)p
set(45,-8825,-3069,0)p
set(10,-8825,-9178,0)p
set(14,-8825,-13728,90)pt
chk(40,-8825,-11978,0)
set(10,-4275,-13728,-90)p
set(14,0,-13728,180)pt
chk(40,0,-11978,0)
set(10,0,-9178,0)p
set(10,0,-5600,180)p
set(10,6725,27010,90)p

set(24,7950,-10800,180)po
set(15,7950,-8000,0)p
set(15,7950,-2400,0)p
set(15,7950,3200,0)p
set(35,7950,3400,0)pr
fix(41,7950,6000,-1000,0)s
set(15,7950,8800,180)
set(35,7950,8410,0)
set(15,7950,14400,0)
set(16,7950,20000,0)
set(24,7950,22800,0)po

set(25,2730,1545,180)
set(25,2730,25,0)
set(25,-3848,228,180)
set(25,-3848,-635,0)
set(25,1775,950,90)
set(25,2730,7250,0)
set(25,2945,5245,180)
set(25,-3848,7000,0)
set(25,-2878,4650,-90)
set(25,-3648,7595,90)
set(25,2730,3785,0)
set(25,1775,8220,90)
set(25,-3525,13350,180)
set(25,-3253,15035,90)
set(25,-3469,16400,0)
set(25,-3253,14344,90)
set(25,-6675,16815,180)
set(25,-5429,13350,180)
set(25,-6024,4650,-90)
set(25,-4443,4650,-90)
set(25,-5808,7000,0)
set(25,-5808,2800,0)
set(25,-6024,1820,-90)
set(25,-5213,1820,90)
set(25,-5808,3575,180)
set(25,-5213,-2369,90)
set(25,-5808,-635,0)
set(25,-5808,-4110,180)
set(25,-5808,-4815,0)
set(25,-6024,-2369,-90)
set(25,-5808,228,180)
set(25,-6024,-9820,-90)
set(25,-5808,-8012,180)
set(25,-5808,-10712,0)
set(25,-3848,-8012,180)
set(25,-3848,-10712,0)
set(25,-3648,-9820,90)
set(25,2730,-4110,180)
set(25,-3848,-4815,0)
set(25,-3848,-4110,180)
set(25,5650,-2369,-90)
set(25,4690,-4110,180)
set(25,4690,25,0)
set(25,5021,4975,0)
set(25,4285,4345,0)
set(25,5650,620,-90)
set(25,4690,1545,180)
set(25,4285,4800,180)
set(25,5375,4650,-90)
set(25,5285,4650,90)
set(25,4690,7250,0)
set(25,4880,8220,90)
set(25,-4443,-6408,-90)
set(25,-3848,3575,180)
set(25,-5650,14715,-90)
set(25,-5429,16400,0)
set(25,3325,8220,90)

set(38,0,-2000,0)p
set(38,0,8000,0)p
set(38,0,18000,0)p

set(37,21350,34550,0)
set(37,21350,34550,90)

set(37,24350,30550,0)
set(37,24350,30550,90)

set(37,27350,34550,0)
set(37,27350,34550,90)


maxl(13,-33953,-16580)
maxb(17,-18980,-31553)
maxr(13,47647,-16580)
maxt(17,43420,-31553)
