
snap(10,-25,-60)

sky(205,205,205)
fog(191,191,191)
ground(116,19,12)
polys(78,39,32)

lightson()
fadefrom(5000)
density(5)
nlaps(3)
name(Lost In The Monsters Battlefield)

set(47,0,0,0)p
set(10,0,5600,0)
set(26,5,6386,0)pr
set(10,0,11200,0)p
set(10,0,16800,0)p
set(10,0,22400,0)
fix(41,5,30800,-2070,0)
set(10,0,28000,0)
set(28,5,22998,0)pr
set(38,5,27578,0)
set(38,5,29392,0)
set(10,0,33600,0)p
set(38,5,32798,0)
set(38,5,31094,0)
set(38,5,34452,0)
set(10,0,39200,0)p
set(38,5,36166,0)
set(14,0,43750,-90)
chk(40,5,41783,0)
set(20,-4550,43750,-90)p
set(15,-10150,43750,-90)
set(15,-15750,43750,-90)
set(35,-13016,43308,90)
set(35,-13016,44076,90)pr
set(15,-21350,43750,-90)p
set(16,-26950,43750,-90)p
set(17,-31500,43750,90)pt
set(15,-31500,48300,180)
chk(42,-31500,48124,0)
set(17,-31500,52850,0)pt
set(44,-26950,52850,90)
set(43,-21350,52850,90)
set(43,-15750,52850,90)
set(34,-21337,52850,-90)pr
set(43,-10150,52850,90)
set(33,-9306,52850,90)pr
set(43,-4550,52850,90)
set(33,-5100,52850,90)pr
set(44,1050,52850,-90)
set(33,-644,52850,90)pr
set(20,6650,52850,-90)
chk(40,9450,52850,90)
set(12,12280,51330,-120)p
set(10,17910,49810,90)
set(13,23540,51330,-60)p
set(10,29170,52850,-90)p
set(14,33720,52850,-90)
fix(41,31970,52850,-1900,90)
chk(40,31970,52850,90)
set(22,33720,50540,0)p
set(18,33720,47180,0)
set(36,35530,48432,-90)
set(36,35530,46472,-90)ph
set(22,33720,43820,180)p
set(12,32200,40430,150)p
set(10,30680,34800,180)
set(10,30680,25484,180)
set(28,30680,30448,180)pr
set(10,30680,19884,180)p
set(14,30680,15334,180)
chk(40,28930,15334,90)
set(14,27180,15334,90)pt
set(13,25660,19914,210)p
set(10,24140,25544,180)
set(32,24143,27350,0)pr
set(10,24140,31144,180)
set(37,24140,27630,0)
chk(40,24140,33944,0)
set(13,22620,36774,210)p
set(10,21100,42404,180)
set(23,21100,45492,180)
set(31,21100,44584,0)pr
set(23,21100,61748,0)p
set(10,21100,64548,180)p
set(37,21396,65654,-90)
set(37,20808,61528,-90)
set(14,21100,69098,-90)
chk(40,18944,69098,90)
set(10,16550,69098,90)p
set(10,10950,69098,90)p
set(13,5320,67578,120)p
set(10,-310,66058,90)
set(10,-5910,66058,90)
set(30,-3214,66058,90)pl
set(37,-6900,66360,90)
set(37,-6150,65654,90)
set(13,-11540,64538,120)p
set(37,-7651,66058,-90)
set(10,-17170,63018,90)p
set(10,-22770,63018,90)
set(23,-25570,63018,-90)
set(32,-25264,62668,90)
set(32,-24043,63368,90)pr
set(23,-35155,63018,90)
chk(40,-35155,63018,90)
set(14,-36905,63018,0)pt
set(20,-36905,58468,0)p
set(15,-36905,52868,0)
set(34,-36940,52640,180)pr
fix(41,-36940,46586,-2000,0)
set(15,-36905,47268,0)p
set(15,-36905,41668,0)p
set(15,-36905,36068,0)p
set(15,-36940,32175,0)
chk(42,-36940,29920,0)
set(17,-36940,27625,90)pt
set(15,-32390,27625,-90)
set(24,-29590,27625,-90)
set(33,-30042,27625,90)pr
set(24,-19084,27625,90)p
set(16,-16284,27625,90)p
set(20,-10684,27625,-90)p
set(10,-5084,27625,-90)
set(23,-3604,27625,90)
set(27,-3374,27625,-90)pr
set(23,3536,27625,-90)
set(10,6336,27625,90)
set(27,3536,27625,90)pr
set(22,9696,27625,90)p
set(18,13056,27625,90)
chk(40,15308,27625,90)
set(19,17606,27625,-90)pt
set(18,17606,23075,0)
set(36,20276,23215,-90)ph
set(36,14980,23215,90)
set(25,18412,23216,90)
set(25,16820,23215,-90)
set(18,17606,17475,0)
set(36,20276,17470,-90)
set(36,14980,21255,90)
set(36,20276,19295,-90)
set(36,20276,21255,-90)
set(36,14980,19295,90)
set(36,14980,17470,90)ph
set(25,18412,17335,90)
set(25,16820,21255,-90)
set(25,18412,19295,90)
set(25,18412,21255,90)
set(25,16820,19295,-90)
set(25,16820,17335,-90)
set(18,17606,11875,180)
set(36,14980,15510,90)
set(36,20276,13550,-90)
set(36,20276,15510,-90)
set(36,14980,13550,90)ph
set(25,16820,15510,-90)
set(25,18412,13550,90)
set(25,18412,15375,90)
set(25,16820,13550,-90)
set(22,17606,8515,180)p
set(12,16086,5125,150)p
set(10,14566,-505,180)p
set(14,14566,-5055,180)
chk(40,14566,-3305,0)
set(10,10016,-5055,90)
set(10,4555,-5079,90)
set(29,9380,-5079,90)pr
set(14,5,-5079,90)
chk(40,1755,-5079,90)
set(23,17962,52850,-90)
set(23,17962,52850,90)p
set(26,17962,52850,-90)pr
set(23,-24028,18170,180)p
fix(41,-24028,7956,-1890,0)s
set(11,-24028,9770,180)p
set(11,-24028,4170,180)p
set(23,-24028,1370,0)p
set(22,0,-3360,0)p
set(11,-24028,15370,0)p
set(27,-24028,12308,180)

maxl(17,-42156,-6390)
maxb(17,-8790,-39756)
maxr(17,39443,-6390)
maxt(17,72809,-39756)
