name(New Divide)

snap(-65,0,50)

sky(120,50,110)
fog(70,0,60)
ground(90,100,130)
polys(80,120,150)

fadefrom(5000)
density(7)
lightson()

nlaps(1)
//changing laps count as cheating! 

set(24,0,-2800,180)
set(48,0,0,0)p
set(44,0,5600,180)p
set(43,0,11200,0)p
set(43,0,16800,0)p
set(44,0,22400,0)p
set(15,0,28000,0)p
set(34,0,22500,0)pr
set(20,0,33600,0)p
set(10,0,38200,0)p
set(12,1520,43800,-30)p
set(38,3040,49400,0)
set(10,3040,49400,0)p
set(23,0,49400,0)
set(32,0,49400,0)
set(23,0,49400,180)p
set(13,1520,55000,30)p
set(10,0,60600,0)p
set(10,0,66200,0)p
set(13,-1520,43800,30)
set(38,-3040,49400,0)
set(10,-3040,49400,0)
set(12,-1520,55000,-30)

set(10,0,71800,0)p
set(27,0,74600,0)pr
set(23,0,74600,180)p

[-]

set(23,2800,80200,90)p
set(10,0,80200,90)p
set(23,-2800,80200,-90)p

set(37,2400,80200,0)
set(37,1200,80200,0)
set(37,0,80200,0)
set(37,-1200,80200,0)
set(37,-2400,80200,0)

[-]

set(23,4000,85800,90)
set(30,1500,85800,90)
set(30,-1500,85800,-90)
set(23,-4000,85800,-90)

[-]

set(23,3500,89900,0)
set(30,3500,91400,180)
set(23,3500,93900,180)

set(23,1750,89900,0)
set(32,1750,89900,0)
set(23,1750,89900,180)

set(23,0,89900,0)p
set(30,0,91400,180)pr
set(23,0,93900,180)p

set(23,-1750,91400,0)
set(32,-1750,91400,0)
set(23,-1750,91400,180)

set(23,-3500,89900,0)
set(30,-3500,91400,180)
set(23,-3500,93900,180)

[-]

set(23,0,99800,0)p
set(10,0,102400,0)p
chk(40,0,108000,0)
set(10,0,108000,0)p
set(10,0,113600,0)p
set(23,0,116400,180)
set(27,0,116400,0)pr

fix(41,0,119400,-1600,0)

set(23,0,130400,0)
set(30,0,131400,180)pr

set(10,0,137000,0)p
set(10,0,142600,0)p
set(10,0,148200,0)p
set(12,1520,153800,-30)p
chk(40,3040,156600,0)
set(13,1520,159400,30)p
set(13,-1520,165000,30)
chk(40,-3040,167800,0)
set(12,-1520,170600,-30)p
chk(40,0,173400,0)
set(10,0,176200,0)p
set(10,0,181800,0)p
set(10,0,187400,0)p
set(26,0,187400,0)pr
set(10,0,193000,0)p
set(10,0,198600,0)p
set(10,0,204200,0)p
set(10,0,209800,0)p
chk(40,0,209800,0)
set(32,350,212800,0)pr
set(32,-350,215800,0)pr
set(10,0,215400,0)p
set(10,0,221000,0)p
set(10,0,226600,0)p
set(20,0,232200,180)
set(15,0,237800,0)p
set(15,0,243400,0)p
set(35,0,243400,0)pr
set(15,0,249000,0)p
set(15,0,254600,0)p
set(15,0,260200,0)p
set(15,0,265800,0)p
set(15,0,271400,0)p
set(34,0,277000,0)pr
set(15,0,277000,0)p
set(15,0,282600,0)p
set(15,0,288200,0)p
set(15,0,293800,0)p
set(20,0,299400,0)
set(10,0,305000,0)p
set(12,1520,310600,-30)p
set(38,3040,316200,0)
set(10,3040,316200,0)p
set(23,0,316200,0)
set(32,0,316200,0)
set(23,0,316200,180)p
set(13,1520,321800,30)p
set(10,0,327400,0)p
set(10,0,333000,0)p
set(10,0,338600,0)p
chk(40,0,338600,0)
set(10,0,344200,0)p
set(10,0,349800,0)p
set(28,0,349800,0)p
set(10,0,355400,0)p
set(20,0,361000,180)
set(15,0,366600,0)p
set(15,0,372200,0)p
set(15,0,377800,0)p
set(33,0,366600,0)
set(33,0,372200,0)
set(33,0,377800,0)
set(33,0,383400,0)
set(33,0,389000,0)

set(15,0,379389,0)p
set(15,0,384989,0)p
set(15,0,390589,0)

set(20,0,396189,0)p
set(23,0,398989,180)
chk(40,0,399989,0)

set(23,2800,407000,90)p
set(10,0,407000,90)p
set(23,-2800,407000,-90)p

maxl(87,-6000,-5000)
maxr(87,6000,-5000)
maxb(3,-7400,-4800)
maxt(3,410200,-4800)