
snap(-29,-29,-29)

sky(0,128,192)
fog(128,128,255)
ground(0,24,88)
polys(0,44,108)

fadefrom(8000)
density(8)
lightson()

name(Jungle Trap)
nlaps(4)
//changing laps count as cheating! 
set(47,0,0,0)p
set(10,0,5600,0)p
set(10,0,11200,0)p
set(10,0,16800,0)p
set(10,0,22400,0)p
set(10,0,28000,0)p
set(10,0,33600,0)p
set(12,1520,5600,-30)p
set(10,3040,11200,0)p
set(10,3040,16800,0)p
set(23,3040,19600,180)p
set(31,3040,18600,0)pr

set(32,-300,12500,0)po
set(32,300,15300,0)pr
set(32,-300,18100,0)
fix(41,-300,19100,-1000,0)
set(32,300,20900,0)
set(32,-300,23700,0)
set(32,300,26500,0)

set(37,0,37200,90)
set(37,0,37200,0)
set(12,1520,39200,-30)p
set(10,3040,44800,0)p
set(10,3040,50400,0)p
set(10,3040,56000,0)p
set(37,3040,58550,0)
set(37,3040,58550,90)
chk(40,3040,58550,0)
set(14,3040,60550,0)pt
set(10,7590,60550,90)p
set(26,10590,60550,-90)pr
set(10,13190,60550,90)p
set(38,24390,60550,90)
set(37,24390,60700,90)
set(37,24390,60400,90)
set(38,18790,60550,90)
set(37,18790,60700,90)
set(37,18790,60400,90)
set(10,18790,60550,90)p
set(11,21590,60550,90)
set(10,24390,60550,90)p
set(10,29990,60550,90)p
chk(40,32540,60550,90)
set(14,34540,60550,-90)pt
set(10,34540,56000,0)p
chk(40,34540,54000,0)
set(13,36060,50400,-150)p
chk(40,37580,47600,0)
set(12,36060,44800,150)p
chk(40,34540,42000,0)
set(14,34540,40250,180)pt
set(18,29990,40250,-90)p
set(18,24390,40250,90)p
set(36,29990,42060,0)
set(36,28290,42060,0)
set(36,26590,42060,0)
set(36,24890,42060,0)
set(14,19840,40250,0)pt
chk(40,19840,38250,0)
set(10,19840,35700,0)p
set(10,19840,30100,0)p
set(26,19840,30100,180)
set(30,19840,18900,0)
set(10,19840,24500,0)p
set(10,19840,18900,0)p
set(10,19840,13300,0)p
set(10,19840,7700,0)p
set(13,21360,2100,-150)p
set(14,22880,-2450,180)pt
chk(40,18200,-2450,90)
set(10,18330,-2450,90)p
set(14,13780,-2450,90)p
set(10,13780,2100,0)p

set(10,13780,7700,0)p
chk(40,13780,9300,0)
set(24,14780,17500,180)
set(33,14780,22800,0)
set(44,14780,20300,180)
set(43,14780,25900,0)
set(33,14780,29000,0)
set(44,14780,31500,0)
set(24,14780,34300,0)
set(13,12260,13300,30)p

set(10,10740,18900,0)p
set(29,10740,26000,180)pr
set(10,10740,24500,0)p
set(10,10740,30100,0)p
set(10,10740,35700,0)p
set(12,12260,41300,-30)p
set(10,13780,46900,0)p
chk(40,13780,49150,0)

set(14,13780,51450,0)pt
set(10,18330,51450,90)p
set(10,22930,51450,90)p

set(14,27480,51450,-90)pt
chk(40,25480,51450,90)
set(22,27480,49450,0)p
set(22,27480,48450,0)p
set(22,27480,47450,0)
set(22,27480,46450,0)p
set(32,27880,46050,180)
set(32,27480,46050,180)pr
set(32,27080,46050,180)

set(23,27480,46850,0)p

set(23,27480,35800,180)p
set(22,27480,35400,0)
set(18,27480,32300,0)p
set(18,27480,26800,180)p
set(18,27480,21200,180)p
set(18,27480,15600,180)p
set(18,27480,10000,180)p
set(18,27480,4400,180)p


/half pipes
set(25,26020,26800,90)
set(36,24910,26800,90)
set(25,28940,26800,-90)
set(36,30050,26800,-90)ph


set(37,27480,11840,0)
set(37,27480,11840,90)
set(37,26820,18380,0)
set(37,26820,18380,90)
set(37,28020,24000,0)
set(37,28020,24000,90)




set(25,26020,24840,90)
set(36,24910,24840,90)
set(25,28940,24840,-90)
set(36,30050,24840,-90)ph

set(25,26020,22880,90)
set(36,24910,22880,90)
set(25,28940,22880,-90)
set(36,30050,22880,-90)ph

set(25,26020,20920,90)
set(36,24910,20920,90)
set(25,28940,20920,-90)
set(36,30050,20920,-90)ph

set(25,26020,18960,90)
set(36,24910,18960,90)
set(25,28940,18960,-90)
set(36,30050,18960,-90)ph

set(25,26020,17000,90)
set(36,24910,17000,90)
set(25,28940,17000,-90)
set(36,30050,17000,-90)ph

set(25,26020,15040,90)
set(36,24910,15040,90)
set(25,28940,15040,-90)
set(36,30050,15040,-90)ph

set(25,26020,13080,90)
set(36,24910,13080,90)
set(25,28940,13080,-90)
set(36,30050,13080,-90)ph

set(25,26020,11120,90)
set(36,24910,11120,90)
set(25,28940,11120,-90)
set(36,30050,11120,-90)ph

set(25,26020,9160,90)
set(36,24910,9160,90)
set(25,28940,9160,-90)
set(36,30050,9160,-90)ph

set(25,26020,7200,90)
set(36,24910,7200,90)
set(25,28940,7200,-90)
set(36,30050,7200,-90)ph

set(22,27480,1130,180)p
chk(40,27480,1130,0)
set(13,29000,-2270,30)p

set(19,30520,-6820,180)pt
chk(40,28050,-6820,90)
set(18,25970,-6820,-90)p
set(21,20730,-6820,-90)p
set(34,15130,-6820,90)p
set(15,15130,-6820,-90)p
set(15,9530,-6820,-90)p
set(20,4070,-6820,90)p
chk(40,2000,-6820,90)

set(22,0,-3050,0)p
set(22,0,-3550,0)p
set(22,0,-4550,0)p
set(22,0,-4050,0)p

set(14,0,-6820,90)pt

set(14,0,-6820,90)po
set(32,-300,12500,0)pr
fix(41,-300,19100,-1000,0)s
set(12,1520,39200,-30)po


maxl(21,-14500,-25000)
maxt(15,67800,-15600)
maxr(21,50400,-25000)
maxb(15,-26400,-15600)