
name(Muddy Situation)

snap(10,-3,-20)

sky(199,233,255)
fog(255,235,204)
ground(201,175,116)

fadefrom(6000)

nlaps(2)
//changing laps count as cheating! 

set(15,0,0,0)p
set(15,0,5600,0)p
set(34,0,8600,0)pr
set(15,0,11200,0)p
set(15,0,16800,0)p
set(15,0,22400,0)p
chk(42,0,24250,0)
set(17,0,26950,0)pt
set(15,4550,26950,90)p
set(15,10150,26950,90)p
set(33,7550,26950,-90)pr
set(33,12550,26950,90)
set(33,17550,26950,90)
set(15,15750,26950,90)p
set(15,21350,26950,90)p
set(15,26950,26950,90)p
chk(42,28500,26950,90)
set(17,31500,26950,-90)pt
set(15,31500,22400,0)p
set(15,31500,16800,0)p
set(15,31500,11200,0)p
set(20,31500,5600,180)p
set(10,31500,0,0)p
set(28,31500,3000,180)pr
set(10,31500,-5600,0)p
chk(40,31500,-7400,0)
set(12,29980,-11230,-30)p
set(14,28460,-15810,180)pt
chk(40,26710,-15810,90)
set(14,24960,-15810,90)pt
set(13,23440,-11230,210)
set(22,21920,-7840,180)p
set(18,21920,-4480,0)
set(18,21920,1120,0)

//halfpipes
set(36,23730,-4340,-90)
set(36,20110,-6300,90)
set(36,20110,-4620,90)
set(36,23730,-6300,-90)
set(36,23730,-420,-90)
set(36,20110,-2660,90)
set(36,20110,980,90)
set(36,20110,-700,90)
set(36,23730,-2380,-90)
set(36,23730,1540,-90)
set(36,23730,2940,-90)
set(36,20110,2940,90)
//

set(22,21920,4480,0)
set(10,21920,7840,0)p
chk(40,21920,9997,0)
set(13,20400,13470,30)p
set(10,18880,19100,0)p
set(23,18880,21900,180)
set(28,18880,20000,0)pr

set(23,18880,32388,0)
chk(40,18880,32388,0)
set(14,18880,34138,-90)
set(10,14330,34138,90)p
set(30,6000,34138,90)pr
fix(41,3609,34180,-600,90)s
set(10,8730,34138,90)p
set(10,3130,34138,90)p
set(10,-2470,34138,90)p
set(10,-8070,34138,90)p
chk(40,-10600,34138,90)
set(14,-12620,34138,0)pt
set(10,-12620,29588,0)p
chk(40,-12620,21389,0)
set(10,-12620,23988,0)p
set(14,-12620,19438,90)pt
set(10,-8070,19438,90)p
set(32,-6000,19888,-90)
set(32,-6000,19438,-90)
set(32,-6000,18988,-90)
set(23,-5270,19438,90)

set(23,5270,19438,-90)p
set(20,8070,19438,90)p
chk(42,10143,19438,90)
set(17,12620,19438,-90)pt
set(15,12620,14888,0)p
set(33,12620,13088,0)pr
set(24,12620,12088,180)p

set(24,12620,8460,0)p
set(15,12620,5660,180)p
chk(40,12620,-2740,0)
set(20,12620,60,180)p
set(12,11100,-5570,-30)p
set(12,8060,-11230,-30)p
set(14,6540,-15810,180)pt
chk(40,4790,-15810,90)
set(14,3040,-15810,90)pt
set(13,1520,-11230,210)p
chk(42,0,-4073,0)
set(20,0,-5600,180)p

maxl(13,-19301,-19145)
maxb(12,-21545,-16901)
maxr(13,38300,-19145)
maxt(12,40855,-16901)




