
snap(20,5,-40)

sky(194,146,101)
fog(196,174,100)
ground(132,156,80)
polys(118,146,90)

fadefrom(6000)
density(6)

nlaps(4)
name(The Abandoned Military Base II)


set(47,0,0,0)p
set(10,0,5600,0)p
set(10,0,11200,0)p
set(28,0,11200,0)pr
set(10,0,16800,0)p
set(10,0,22400,0)p
set(30,0,22400,180)
set(10,0,28000,0)p
chk(40,0,30000,0)
set(14,0,32500,0)pt
set(10,4550,32500,90)p
set(10,10150,32500,90)p
set(31,15750,32500,-90)pr
set(10,15750,32500,90)p
set(10,21350,32500,90)p
set(31,21350,32500,90)
set(37,-100,13000,0)
set(37,100,14500,0)
set(37,-100,16000,0)
set(37,100,17500,0)
set(37,-100,19000,0)
set(23,9000,34500,270)
set(36,9000,36300,0)
set(36,10500,36300,0)
set(10,11800,34500,90)p
set(36,12000,36300,0)
set(36,13500,36300,0)
set(36,15000,36300,0)
set(23,14600,34500,90)
set(10,26950,32500,90)p
set(10,32550,32500,90)p
set(28,37150,32500,-90)
set(10,38150,32500,90)p
set(10,40750,32500,90)p
chk(40,43600,32500,90)
set(14,45300,32500,-90)pt
set(37,44900,25000,90)
set(32,45300,25000,180)pr
set(32,45700,25000,180)pr
set(10,45300,27950,0)p
set(10,45300,22350,0)p
set(10,45300,16750,0)p
set(10,45300,14150,0)p
set(37,45700,14000,90)
set(32,45300,14000,180)pr
set(32,44900,14000,180)pr
set(10,45300,11550,0)p
set(10,45300,8950,0)p
chk(40,45300,6600,0)
set(14,45300,4400,180)pt
set(14,41800,4400,90)pt
set(13,40280,8980,30)p
set(22,38760,12280,180)
set(36,40570,14480,-90)
set(36,36950,14480,90)
set(36,40570,16180,-90)
set(36,36950,16180,90)
set(36,40570,17880,-90)
set(36,36950,17880,90)
set(36,40570,19580,-90)
set(36,36950,19580,90)
set(36,40570,21280,-90)
set(36,36950,21280,90)
set(36,40570,22980,-90)
set(36,36950,22980,90)
set(18,38760,15580,0)p
set(18,38760,21180,0)p
set(22,38760,24480,0)
chk(40,38760,24880,0)
set(14,38760,26480,-90)pt
set(10,34210,26480,90)p
set(13,28610,24960,-60)p
set(32,24610,22990,90)
set(10,23010,23440,90)p
chk(40,17410,23440,90)
set(10,17410,23440,90)p
set(14,12860,23440,90)p
set(30,12860,27990,0)pr
set(29,12860,28590,0)
set(29,12860,28590,180)
set(23,12860,29090,180)
set(23,12860,40700,0)
set(20,12860,43500,180)p
set(15,12860,49100,0)p
chk(42,12860,50450,0)
set(17,12860,53650,0)pt
set(15,17410,53650,90)p
set(35,23510,53150,90)pr
set(35,23510,54150,90)pr
set(15,23010,53650,90)p
set(33,30810,53650,90)
set(15,28610,53650,90)p
set(33,36410,53650,90)
set(15,34210,53650,90)p
set(15,39810,53650,90)p
chk(42,42500,53650,90)
set(17,44360,53650,-90)pt
set(15,44360,49100,0)p
set(20,44360,43500,180)p
set(19,44360,38950,180)pt
set(10,39810,38950,90)p
set(38,37810,38950,90)
set(12,34210,40470,60)p
set(38,28510,41990,90)
set(10,28610,41990,90)p
set(12,23010,43510,60)p
set(38,20010,45030,90)
set(10,17410,45030,90)p
set(31,16610,45030,90)
set(23,16210,45030,-90)
set(23,0,45030,90)po
set(30,-2500,45030,90)pr
fix(41,-4000,45030,-1170,90)s
set(30,-5500,45030,-90)pr
set(23,-8000,45030,-90)po
set(23,5000,50030,90)po
set(30,2500,50030,90)pr
set(30,-500,50030,-90)pr
set(23,-3000,50030,-90)po
set(23,-5000,40030,-90)po
set(30,-2500,40030,-90)pr
set(30,500,40030,90)pr
set(23,3000,40030,90)po
set(23,-4300,26000,90)
chk(40,-4300,26000,90)
set(14,-5800,26000,0)pt
set(10,-5800,21450,0)p
set(20,-5800,15850,0)p
set(15,-5800,10250,0)p
set(35,-5800,10250,0)pr
set(15,-5800,4650,0)p
set(15,-5800,-950,0)p
set(35,-6300,-1600,0)pr
set(15,-5800,-6550,0)p
set(15,-5800,-12150,0)p
chk(42,-5800,-13900,0)
set(17,-5800,-16700,90)pt
set(15,-1250,-16700,90)p
set(15,4350,-16700,90)p
set(24,7150,-16700,-90)
set(34,5150,-16700,90)pr
set(24,29550,-16700,90)p
set(15,32350,-16700,90)p
set(35,32350,-16300,90)pr
chk(42,35150,-16700,90)
fix(41,36350,-16500,-1350,90)s
set(17,36900,-16700,180)pt
set(20,36900,-12150,0)p
set(10,36900,-6550,0)p
set(14,36900,-2000,-90)pt
set(10,32350,-2000,90)p
chk(40,30025,-2000,90)
set(14,27800,-2000,90)pt
set(10,27800,2550,0)p
set(10,27800,8150,0)p
set(31,27800,8150,0)pr
set(10,27800,13750,0)p
set(14,27800,18300,-90)
set(10,23250,18300,90)p
set(10,17650,18300,90)p
chk(40,21650,18300,90)
set(10,12050,18300,90)p
set(31,17650,18300,90)pr
set(14,7500,18300,0)pt
set(10,7500,13750,0)p
chk(40,7500,12150,0)
set(10,7500,8150,0)p
set(10,7500,2550,0)p
set(10,7500,-3050,0)p
set(28,7500,0,180)pr
set(10,7500,-3600,0)p
set(10,7500,-5600,0)p
set(14,7500,-10150,180)pt
set(22,5200,-10150,90)p
set(22,4600,-10150,90)p
set(22,4000,-10150,90)p
chk(40,3750,-10150,90)
set(22,3400,-10150,90)p
set(22,2800,-10150,90)p
set(22,2200,-10150,90)p
set(14,0,-10150,90)po
set(10,0,-5600,0)p
set(26,0,-4600,0)pr
fix(41,0,-800,-1400,0)s
fix(41,12860,35800,0,0)s
set(23,9000,34500,270)
set(36,9000,36300,0)
set(36,10500,36300,0)
set(10,11800,34500,90)
set(36,12000,36300,0)
set(36,13500,36300,0)
set(36,15000,36300,0)
set(23,14600,34500,90)

maxl(16,-15000,-18000)
maxt(13,56400,-12600)
maxr(16,47400,-18000)
maxb(13,-20400,-12600)

