snap(-19,-26,30)
sky(149,143,191)
fog(203,175,201)
clouds(210,210,210,1,-1000)
ground(142,127,179)
polys(122,107,159)
name(Poison)
fadefrom(5000)
density(8)
mountains(8548)
nlaps(2)
soundtrack(fleshbrain_-_polarchase.mod,291,74)


set(47,0,0,0)
set(10,0,5600,0)p
set(10,0,11200,0)
set(14,0,15750,0)
chk(40,0,14000,0)r
set(10,4550,15750,90)
set(10,10150,15750,90)
set(28,8300,15750,90)pr
set(12,15780,14230,60)p
set(14,20360,12710,180)
chk(40,18825,12710,90)r
set(10,20360,17260,180)p
set(10,20360,22860,180)
chk(40,20360,23628,0)r
set(23,20360,25660,180)
set(10,14710,25095,90)
set(13,9080,23575,-60)p
set(14,4500,22055,90)pt
set(13,2980,26635,30)p
set(14,1460,31215,-90)pt
set(14,-2040,31215,0)pt
set(12,-3560,26635,150)p
set(14,-5080,22055,180)pt
set(14,-8580,22055,90)pt
set(13,-10100,26635,210)p
set(23,-11620,29465,180)p
set(20,-10418,34607,-90)p
set(14,-5868,34607,180)pt
set(12,-4348,39187,150)p
set(14,-2828,43767,0)pt
set(14,672,43767,-90)pt
set(10,672,39217,180)p
set(14,672,34667,90)pt
set(45,5731,34667,-90)p
set(46,10211,34667,90)p
set(45,14691,34667,90)p
set(10,20800,34667,90)
set(12,26430,33147,60)p
set(20,32060,31627,90)p
set(15,37660,31627,-90)p
set(15,43260,31627,90)p
set(17,47810,31627,-90)pt
set(15,47810,27077,0)p
set(15,47810,21477,0)p
set(24,47810,18677,180)p
set(20,-11620,49252,180)
set(17,-11620,53802,0)pt
set(15,-7070,53802,90)p
set(15,-1470,53802,90)
set(33,-1338,53802,90)pr
set(15,4130,53802,90)
set(33,3534,53802,90)pr
set(20,9730,53802,-90)p
set(14,14280,53802,-90)pt
set(13,15800,49222,30)
chk(40,17320,46392,0)r
chk(40,14280,52520,0)r
set(13,18840,43562,30)p
set(23,20360,40732,0)p
set(23,20360,31400,0)
set(23,20360,30150,180)
set(26,20360,31050,0)pr
set(23,15915,25095,90)
set(30,20360,24944,0)
set(26,16515,25095,-90)pr
set(23,28475,25095,-90)p
set(14,30225,25095,-90)pt
set(10,30225,20545,0)p
set(45,30225,14436,180)p
set(46,30225,9956,0)p
set(46,30225,4356,0)p
set(45,30225,-124,0)p
set(14,30225,-5183,180)pt
set(10,25675,-5183,-90)p
set(37,28006,-4896,0)
set(37,25692,-5442,0)
set(14,21125,-5183,90)
chk(42,-8224,53802,90)r
set(14,21125,-1683,-90)pt
set(12,16545,-163,-120)p
set(10,10915,1357,90)p
set(11,5315,1357,-90)
set(23,3072,1357,-90)
set(23,-11620,42100,0)
set(17,-15974,1357,90)
set(20,-11424,1357,-90)
set(11,-5824,1357,-90)
set(23,-3024,1357,90)
set(27,-2284,1357,-90)pr
set(14,0,-4550,180)
set(15,-15974,5907,180)
set(17,-15974,10457,0)
set(15,-11424,10457,90)
set(15,-5824,10457,90)
set(24,-3024,10457,-90)
set(35,-3536,10457,90)pr
set(24,3050,10457,90)
set(15,5850,10457,-90)
set(35,3302,10457,90)
set(16,11450,10457,90)
set(17,16000,10457,-90)
set(17,16000,6957,90)
set(15,20550,6957,90)
set(24,23350,6957,-90)
set(34,21798,6957,-90)
set(23,26956,3107,-90)
set(23,25292,3107,90)
set(32,26100,3095,-90)
set(23,25448,10788,90)
set(23,26904,10788,-90)
set(32,26150,10807,-90)
set(23,34800,10788,-90)
set(23,34854,3107,-90)
set(13,37684,4627,-60)
set(12,37630,9268,-120)
set(10,43260,7748,-90)
set(10,43314,6147,-90)
set(14,47810,7748,180)
set(23,46114,6147,90)
set(23,47810,9498,180)
set(15,-16018,34607,-90)
chk(40,-11620,29465,0)r
chk(40,-6830,22055,90)r
chk(40,-290,31215,90)r
chk(40,5850,22055,90)r
set(17,-20568,34607,0)
set(15,-20568,30057,180)
set(15,-20568,24457,180)
set(35,-20568,27257,0)
set(24,-20568,21657,180)
set(10,-4550,-4550,90)
set(10,-10150,-4550,90)
set(20,-15750,-4550,-90)
set(17,-20300,-4550,90)
set(44,-20300,0,180)
set(44,-20300,5600,0)
set(24,-20300,15164,180)
set(24,-20300,15164,0)
set(35,-20300,15164,0)
set(24,-20300,8400,0)
set(23,-11620,37794,180)
set(23,-11620,39096,0)
set(32,47460,10660,0)
set(32,48160,10660,0)
set(30,-11620,43143,180)pl
set(32,-11270,38400,180)
set(32,-11970,38400,180)
set(23,46060,13572,180)
set(23,46060,15080,0)
set(32,46034,14300,0)
chk(40,28764,25095,90)r
set(23,48510,13494,180)
chk(40,30225,-3433,0)r
chk(40,23192,-5183,90)r
set(37,23976,-4870,0)
chk(40,12652,1357,90)r
chk(40,3452,1357,90)r
set(27,2352,1357,90)pr
set(23,48510,15054,0)
set(32,48504,14274,0)
set(23,50944,13570,180)
chk(42,-14224,1357,90)r
chk(42,-15974,8446,0)r
set(23,50944,15052,0)
set(32,50944,14292,0)
chk(42,18418,6957,90)r
chk(40,46060,7748,90)r
set(30,44110,6147,90)
chk(42,47810,29608,0)r
chk(40,30106,31627,90)r
chk(40,21386,34607,90)r
chk(40,2422,34607,90)r
chk(40,-1078,43767,90)r
chk(40,-7396,34607,90)r
chk(42,-18610,34607,90)r
chk(42,-20300,-2625,0)r
chk(40,-1750,-4550,90)r

maxl(15,-28559,-9231)
maxb(18,-11631,-26159)
maxr(15,57842,-9231)
maxt(18,60369,-26159)
