snap(-12,-15,-47)

//sky(70,120,155)
//fog(155,120,120)
//ground(105,100,100)
//polys(115,110,110)

sky(42,46,27)
fog(150,133,69)
ground(49,18,20
polys(39,8,10)


fadefrom(3000)
density(6)

name(Ultimate Defense)
nlaps(3)

///obstacles

//spike set

set(37,-10000,32650,90)
set(37,-11000,32450,90)
set(37,-12000,32650,90)
set(37,-13000,32450,90)
set(37,-14000,32650,90)
set(37,-15000,32450,90)

//tunnels

set(38,-25900,14000,0)
set(38,-25900,12000,0)
set(38,-25900,10000,0)
set(38,-25900,8000,0)
set(38,-25900,6000,0)
set(38,-25900,4000,0)

//spike set 2

set(37,-15960,0,0)
set(37,-15760,-1000,0)
set(37,-15960,-2000,0)
set(37,-15760,-3000,0)
set(37,-15960,-4000,0)
set(37,-15760,-5000,0)
set(37,-15960,-6000,0)
set(37,-15760,-7000,0)
set(37,-15960,-8000,0)
set(37,-15760,-9000,0)

//tunnels 2

set(32,-10340,-14000,0)
set(38,-10040,-12000,0)
set(32,-9740,-10000,0)
set(38,-10040,-8000,0)
set(32,-10340,-6000,0)
set(38,-10040,-4000,0)
set(32,-9740,-2000,0)
set(38,-10040,0,0)
set(32,-10340,2000,0)
set(38,-10040,4000,0)
set(32,-9740,6000,0)
set(38,-10040,8000,0)

//the impossible

set(27,-3500,14000,180)

set(38,-3500,6000,0)
set(37,-3350,6000,0)
set(37,-3650,6000,0)

set(38,-3500,4000,0)
set(37,-3350,4000,0)
set(37,-3650,4000,0)

set(38,-3500,2000,0)
set(37,-3350,2000,0)
set(37,-3650,2000,0)

set(47,0,0,0)p
set(10,0,5600,0)p
set(10,0,11200,0)p
set(26,0,11200,0)pr
set(10,0,16800,0)p
set(30,0,20880,180)p
set(10,0,22400,0)p
set(10,0,28000,180)
chk(40,0,28000,0)
set(14,0,32550,-90)pt
set(10,-4550,32550,90)p
set(26,-6000,32550,90)pr

set(10,-10150,32550,90)p
set(10,-15750,32550,90)p
set(10,-21350,32550,90)p
chk(40,-24150,32550,90)
set(14,-25900,32550,0)pt
set(10,-25900,28000,0)p
set(10,-25900,22400,0)p
set(29,-25900,20025,0)p

set(10,-25900,16800,0)p
set(10,-25900,11200,0)p
set(10,-25900,5600,0)p
set(33,-25900,1000,0)p
set(10,-25900,0,180)
set(10,-25900,-5600,0)p
set(20,-25900,-11200,0)p
chk(42,-25900,-14000,0)
set(17,-25900,-15750,90)pt
set(17,-22400,-15750,180)po
set(44,-22400,-11200,180)p
set(43,-22400,-5600,0)p
set(43,-22400,0,0)p
set(35,-22400,2800,0)pr

fix(41,-22400,5600,-1000,0)s

set(43,-22400,5600,0)p
set(43,-22400,11200,0)po
set(43,-22400,16800,0)p
set(44,-22400,22400,0)p
set(17,-22400,26950,0)pt
chk(42,-20650,26950,90)
set(17,-18900,26950,-90)pt
set(20,-18900,22400,180)p
set(13,-17380,16770,30)p
set(10,-15860,11140,0)p
set(10,-15860,5540,0)p
set(26,-15860,2800,180)pr

set(10,-15860,0,0)p
set(10,-15860,-5600,0)p
set(10,-15860,-11200,0)p
set(10,-15860,-16800,0)p
set(12,-17380,-22430,-30)p
set(10,-18900,-28060,0)p
set(14,-18900,-32550,90)pt
set(10,-14350,-32550,90)p

set(32,-13950,-32750,-90)
set(32,-13950,-32350,-90)
chk(40,-12950,-32550,90)
set(32,-11950,-32750,90)
set(32,-11950,-32350,90)

set(10,-11550,-32550,90)p
set(14,-7000,-32550,180)pt
set(10,-7000,-28060,0)p
set(13,-8520,-22430,30)p
set(10,-10040,-16800,0)p
set(10,-10040,-11200,0)p
set(10,-10040,-5600,0)p
set(10,-10040,0,0)p
set(10,-10040,5600,0)p
set(10,-10040,11200,0)p

set(12,-8520,16830,-30)p
set(10,-7000,22460,0)p
set(14,-7000,26950,0)pt
chk(40,-5250,26950,90)
set(14,-3500,26950,-90)pt
set(10,-3500,22400,0)p
set(10,-3500,16800,0)p
set(10,-3500,11200,0)p
set(10,-3500,5600,0)p
set(10,-3500,0,0)p
set(10,-3500,-5600,0)p
set(10,-3500,-11200,0)p
set(14,-3500,-15750,90)pt
set(14,0,-15750,180)pt
chk(40,0,-11200,0)
set(10,0,-11200,0)p
set(33,0,-8400,0)pr
set(10,0,-5600,0)p

// don't delete this one...

set(10,0,-11200,0)p

maxr(17,4000,-35500)
maxt(7,40400,-27200)
maxl(17,-29600,-35500)
maxb(7,-37500,-27200)


