
snap(-30,-30,-30)

sky(201,218,255)
fog(142,147,196)
ground(0,0,0)

fadefrom(5000) 

name(~~ Warcraft ~~) 

nlaps(2) 

set(10,0,0,0)p
set(10,0,5600,0)p
set(32,450,5400,0)
set(32,0,5400,0)pr
set(32,-450,5400,0)pr
set(10,0,11200,0)p
chk(40,0,19300,0)
set(10,0,16800,0)p
set(10,0,22400,0)
set(30,0,25950,0)pr
set(23,0,33550,0)
set(10,0,34950,0)p
chk(40,0,43500,0)
set(10,0,40450,0)p
set(10,0,46050,0)p
set(10,0,51650,0)p
set(14,0,55700,-90)pt
chk(40,-2500,55700,90)
set(22,-2500,55700,90)
set(22,-3500,55700,90)
set(22,-1500,55700,90)
set(14,-5000,55700,0)pt
set(10,-5000,51400,0)
set(10,-5000,46800,0)
chk(40,-5000,44500,0)
set(10,-5000,41900,0)
set(29,-5000,38230,0)
set(10,-5000,38300,0)
set(21,-5000,32700,0)
set(15,-5000,27100,0)
set(15,-5000,21500,0)
set(15,-5000,15900,0)
chk(42,-5000,2700,0)
set(15,-5000,10300,0)
set(15,-5000,4700,0)
set(17,-5000,650,180)pt
set(15,-9450,650,90)
set(15,-10570,650,90)
chk(42,-12500,650,90)
set(15,-16140,650,90)
set(35,-18000,650,90)
set(24,-18000,650,90)
set(24,-29000,650,-90)
set(15,-31500,650,90)
set(15,-32000,650,90)
set(17,-35500,650,90)pt
set(15,-35500,4250,0)
set(16,-35500,9850,0)
set(15,-35500,15450,0)
set(33,-35500,15460,0)
set(15,-35500,21050,0)
set(33,-35500,21050,0)
set(15,-35500,26650,0)
set(33,-35500,26650,0)
set(15,-35500,32250,0)
set(15,-35500,35250,0)
chk(42,-35500,33800,0)
set(17,-35500,39300,0)pt
set(20,-31600,39300,-90)
set(10,-29000,39300,-90)
set(10,-24000,39300,-90)
set(31,-19500,39300,-90)

fix(41,-11100,39300,-5500,90)


set(31,4500,39300,90)
set(10,10100,39300,90)
set(14,14200,39300,180)pt
chk(40,14200,42100,0)
set(21,14200,43700,180)p
set(15,14200,49300,0)
set(15,14200,51900,0)
set(17,14200,55959,-90)
set(15,10000,55959,-90)
set(15,6500,55959,-90)
set(34,7650,55959,-90)
set(24,4000,55959,90)



set(24,-7550,55959,-90)
set(15,-9500,55959,90)p 
set(33,-9500,55959,90)p 
set(15,-10500,55959,90)p 
chk(42,-10500,55959,90)p 
set(15,-10800,55959,90)p 
set(15,-11800,55959,90)p 
set(15,-13400,55959,90)p 
set(15,-13800,55959,90)p  
set(15,-16700,55959,90)p 
set(17,-21000,55959,90)p 
set(21,-21000,60300,0)p 

set(11,-21000,65900,0)p 
set(11,-21000,71000,0)p 
set(28,-21000,75000,0)p 
set(11,-21000,79000,0)p 
set(11,-21000,72000,0)p
set(11,-21000,82000,0)p
set(11,-21000,87000,0)p 
chk(40,-21000,89250,0)
set(14,-21000,91000,0)p 
set(10,-17000,91000,90)p 



set(28,-14000,91000,90)p 
 

set(11,-12500,91000,90)p 
set(11,-10000,91000,90)p
set(11,-7000,91000,90)p 
set(11,-3500,91000,90)p
set(11,-800,91000,90)p 
chk(40,1500,91000,90)p 
set(10,1000,91000,90)p 
set(27,6000,91000,-90)p 
set(10,6000,91000,90)
set(10,10600,91000,90)p 

set(10,13000,91000,90)p 

set(10,16000,91000,90)p 
set(14,20000,91000,-90)p 
set(21,20000,86800,0)p
set(15,20000,82000,0)p 
chk(42,20000,82000,0)p 
set(17,20000,77900,180)p 


set(15,16000,77900,90)p 
set(35,13000,77900,90)p 
set(16,13000,77900,90)p 
set(16,10600,77900,90)p  
set(21,5000,77900,90)p 
set(10,1000,77900,90)p 
set(36,1000,79700,0)p
set(36,1000,76100,180)
set(11,-800,77900,90)p 
chk(40,-4000,77900,90)p 
set(10,-4000,77900,90)p
set(10,-7000,77900,90) 
set(10,-11000,77900,90)
set(10,-15400,77900,90)
set(38,-7500,77900,90)
set(38,-10000,77900,90)
set(38,-12500,77900,90)
set(38,-15000,77900,90)
set(38,-17500,77900,90)
set(32,-17600,77900,90)
set(23,-16800,77900,-90)




set(23,-25000,77900,90)p 
set(10,-27000,77900,-90)p 
chk(40,-27000,77900,-90)p 
set(14,-31000,77900,0)p 
set(11,-31000,74000,0)p 
set(11,-31000,69400,0)
set(26,-31000,68000,180)p
set(37,-32300,71500,90)
set(37,-29700,71500,90) 
set(23,-31000,67000,0)p
set(37,-32300,65500,90)
set(37,-29700,65500,90) 

set(23,-31000,59000,180)p 
set(10,-31000,57000,0)p 

set(22,-31000,54200,0)
chk(40,-31000,50000,0)
set(11,-31000,51000,0)p 
set(14,-31000,47000,90)p 
set(11,-27000,47000,-90)
set(11,-23000,47000,-90)p
chk(40,-18000,47000,-90)
set(11,-21000,47000,-90)
set(14,-16500,47000,-90)p 
set(10,-16500,43000,0)p  
set(11,-16500,39000,0)p 
set(11,-16500,36000,0)p 
set(14,-16500,32000,180)p 

set(22,-18500,32000,90)p 
set(22,-18999,32000,90)p 
set(22,-19999,32000,90)p 
set(22,-20999,32000,90)p 
set(14,-23000,32000,0)p 
set(10,-23000,28000,0)p 
set(30,-23000,23000,180)p 
set(10,-23000,19000,0)p 
set(10,-23000,14000,0)
set(30,-23000,11500,180)p 
set(10,-23000,11200,0)p 
set(10,-23000,9700,0)p 
set(10,-23000,5600,0)p 
set(10,-23000,10,0)p 
chk(40,-23000,-1850,0)p 
set(10,-23000,-1000,0)p 
set(14,-23000,-5000,90)p 
set(10,-19000,-5000,90)p 
set(10,-14000,-5000,90)p 
set(10,-9500,-5000,90)p
chk(40,-5000,-5000,90)
set(10,-5000,-5000,90)p 
set(10,-4000,-5000,90)p 
set(14,0,-5000,180)p 
set(22,0,-3000,0)p

fix(41,-16438,20000,-750,0)

maxr(24,25200,-5100)
maxb(24,-7500,-57600)
maxl(24,-40000,-5100)
maxt(24,107700,-57600)

