
snap(-12,-12,27)

sky(235,244,255)
fog(218,225,240)
ground(200,217,216)
polys(190,207,206)

fadefrom(7000)
density(6)

name(Digger's Revenge II)
nlaps(2)


set(47,0,0,0)p
set(14,0,4550,-90)pt
set(10,-4550,4550,-90)p
set(26,-6700,4550,90)pr
set(10,-10150,4550,90)p
set(26,-7900,4550,-90)
set(10,-15750,4550,-90)p
set(10,-21350,4550,-90)p
set(14,-25900,4550,90)pt
chk(40,-25900,6300,0)
set(14,-25900,8050,0)pt
set(10,-21350,8050,90)
set(30,-20300,8050,-90)pr
set(10,-15750,8050,-90)p
set(10,-10150,8050,90)p
set(10,-4550,8050,-90)p
set(14,0,8050,180)pt
set(10,0,12600,180)
chk(40,0,15400,0)
set(14,0,17150,-90)pt
set(10,-4550,17150,90)p
set(29,-7186,17150,-90)pr
set(10,-10150,17150,90)
set(20,-15750,17150,-90)p
set(15,-21350,17150,90)p
set(17,-25900,17150,90)pt
chk(42,-25900,18900,0)
set(17,-25900,20650,0)pt
set(15,-21350,20650,-90)p
set(33,-21350,20650,-90)
set(15,-15750,20650,90)p
set(16,-10150,20650,-90)p
set(15,-4550,20650,-90)p
set(17,0,20650,180)pt
set(15,0,25200,180)
chk(42,0,22400,0)
set(17,0,29750,-90)pt
set(15,-4550,29750,-90)
set(34,-4550,29750,-90)pr
set(16,-10150,29750,-90)p
set(15,-15750,29750,90)p
set(15,-21350,29750,-90)p
set(17,-25900,29750,90)pt
chk(42,-25900,31500,0)
set(17,-25900,33250,0)pt
set(15,-21350,33250,-90)
set(35,-21350,33250,90)pr
set(15,-15750,33250,-90)p
set(15,-10150,33250,90)p
set(15,-4550,33250,-90)p
set(17,0,33250,180)pt
set(15,0,37800,180)p
set(17,0,42350,-90)pt
chk(42,0,38800,0)
set(15,-4550,42350,90)p
set(15,-10150,42350,-90)p
set(44,-15750,42350,-90)p
set(35,-5750,42350,90)p
set(44,-21350,42350,90)p
set(17,-25900,42350,90)pt
chk(42,-25900,44100,0)
set(17,-25900,45850,0)pt
set(20,-21350,45850,-90)
set(10,-15750,45850,90)p
set(26,-16350,45850,-90)pr
set(30,-6670,45850,90)pr
set(10,-10150,45850,90)p
set(10,-4550,45850,90)p
set(14,0,45850,180)pt
chk(40,0,47600,0)
set(10,0,50400,0)p
set(10,0,52450,0)p
set(14,0,57000,-90)pt

set(10,-4550,57000,90)p
set(10,-10150,57000,90)p
set(36,-5350,58950,0)
set(36,-3550,58950,0)
set(36,-14350,58950,0)
set(36,-12550,58950,0)
set(36,-8950,58950,0)
set(36,-7150,58950,0)
set(36,-10750,58950,0)
set(36,-16150,58950,0)
set(36,-17950,58950,0)
set(36,-19750,58950,0)
set(36,-5350,55050,180)
set(36,-3550,55050,180)
set(36,-14350,55050,180)
set(36,-12550,55050,180)
set(36,-8950,55050,180)
set(36,-7150,55050,180)
set(36,-10750,55050,180)
set(36,-16150,55050,180)
set(36,-17950,55050,180)
set(36,-19750,55050,180)
set(10,-15750,57000,90)
set(10,-21350,57000,-90)p
set(14,-25900,57000,90)pt

set(10,-25900,61550,0)p
set(14,-25900,66100,0)pt

chk(40,-23800,57000,90)
chk(40,-23800,66100,90)
set(21,-21350,66100,90)p
set(15,-15750,66100,90)p
set(34,-16750,66100,90)pr
set(15,-10150,66100,90)p
set(15,-4550,66100,90)p
set(15,-1050,66100,90)p
set(17,3500,66100,-90)pt
chk(42,3500,63750,0)
set(44,3500,61550,0)p
set(43,3500,55950,180)p
set(35,3500,56250,0)pr
set(44,3500,50350,180)p
set(15,3500,43400,0)p
set(15,3500,45800,0)p

set(33,3500,40850,0)pr



set(44,3500,37800,0)p
set(43,3500,32200,0)p
set(44,3500,26600,180)
set(34,3500,26600,180)pr
set(24,3500,23800,180)p
fix(41,3500,21760,-2500,0)
set(23,3500,19600,180)p
set(10,3500,16800,180)p
set(10,3500,11200,180)p
set(10,3500,5600,0)p
set(10,3500,0,0)p
set(14,3500,-4550,180)pt
chk(40,1750,-4550,90)
set(14,0,-4550,90)pt


maxr(17,7000,-5100)
maxb(8,-7500,-29000)
maxl(17,-31400,-5100)
maxt(8,74000,-29000)






