
snap(0,0,0)

sky(184,220,239)
fog(117,117,255)
ground(101,122,29)
polys(171,207,48)

fadefrom(10000)
density(6)

name(Shax700 Dream Of...)
nlaps(7)

set(47,0,0,0)p
set(37,1300,2380,90)p
set(37,-1300,2380,90)p
set(36,1900,2850,270)ph
set(36,-1900,2850,90)ph
set(10,0,5600,0)p
set(37,1300,4000,90)p
set(37,-1300,4000,90)p
set(36,1900,4800,270)ph
set(36,-1900,4800,90)ph
set(10,0,11200,0)p
set(37,1300,5600,90)p
set(37,-1300,5600,90)p
set(36,1900,6200,270)ph
set(36,-1900,6200,90)ph
set(26,0,13000,0)pr
set(10,0,16800,0)p
set(10,0,18000,0)p
set(10,0,22000,0)p
set(26,0,23000,180)p
set(10,0,26989,0)p
set(10,0,32589,180)
chk(40,0,32589,0)
set(14,0,37139,-90)pt
set(10,-4550,37139,90)p
set(26,-6000,37139,90)pr
set(10,-10150,37139,90)p
set(10,-15750,37139,90)p
set(37,-10000,37239,90)
set(37,-11000,37039,90)
set(37,-12000,37239,90)
set(37,-13000,37039,90)
set(37,-14000,37239,90)
set(37,-15000,37039,90)
set(10,-21350,37139,90)p
chk(40,-24150,37139,90)
set(14,-25900,37139,0)pt
set(10,-25900,32589,0)p
set(10,-25900,26989,0)p
set(10,-25900,22600,0)p
set(32,-25900,22025,180)p
set(32,-26200,22050,180)p
set(32,-25600,22050,180)p
set(37,-27200,19000,90)p
set(37,-24600,19000,90)p
set(10,-25900,17061,0)p
set(10,-25900,11461,0)p
set(10,-25900,5861,0)p

set(38,-25900,27420,0)
set(32,-25900,16000,180)p
set(32,-26200,16000,180)p
set(32,-25600,16000,180)p
set(37,-27200,15000,90)p
set(37,-24600,15000,90)p
set(32,-25900,12000,180)p
set(32,-26200,12000,180)p
set(32,-25600,12000,180)p
set(37,-27200,11000,90)p
set(37,-24600,11000,90)p
set(32,-25900,8000,180)p
set(32,-26200,8000,180)p
set(32,-25600,8000,180)p
set(37,-27200,7000,90)p
set(37,-24600,7000,90)p
set(32,-25900,4000,180)p
set(32,-26200,4000,180)p
set(32,-25600,4000,180)p
set(37,-27200,3000,90)p
set(37,-24600,3000,90)p

set(10,-25900,1000,0)p
set(10,-25900,0,0)p


set(10,-25900,-5600,0)p
chk(40,-25900,-8400,0)
set(14,-25900,-10150,90)pt
set(10,-21350,-10150,90)p
set(10,-15750,-10150,90)
set(27,-17750,-10150,-90)pr
set(38,-13000,-10150,-90)
set(38,-11500,-10150,-90)
set(38,-10000,-10150,-90)
set(38,-8500,-10150,-90)
set(38,-7000,-10150,-90)
set(10,-10150,-10150,90)p
set(10,-4550,-10150,90)p
set(14,0,-10150,180)pt
set(10,0,-5600,0)
chk(40,0,-5600,0)

set(24,-6000,-2800,180)
set(15,-6000,0,0)
set(16,-6000,5600,0)
set(15,-6000,11200,0)
set(16,-6000,16800,180)
set(16,-6000,22400,0)
set(15,-6000,28000,0)
set(24,-6000,30800,0)


set(24,-19900,-2800,180)
set(16,-19900,0,0)
set(15,-19900,5600,0)
set(15,-19900,11200,0)
set(16,-19900,16800,180)
set(15,-19900,22400,0)
set(15,-19900,28000,0)
set(24,-19900,30800,0)

set(24,-12950,-2800,180)po
set(15,-12950,0,0)p
set(15,-12950,5600,0)p
set(15,-12950,11200,0)p
set(35,-12950,11400,0)pr
fix(41,-12950,14000,-1000,0)s
set(15,-12950,16800,180)
set(35,-12950,16410,0)
set(15,-12950,22400,0)
set(16,-12950,28000,0)
set(24,-12950,30800,0)po

maxr(11,4000,-10000)
maxb(7,-12400,-27200)
maxt(7,40400,-27200)
maxl(11,-29600,-10000)







